index     maxhbbscore         N3B1      
1         0.9951              1.671     
1         0.5742              1.577     
1         0.03001             1.422     
1         0.9995              1.362     
1         0.02586             1.681     
1         0.01437             1.559     
1         0.9956              2.186     
1         0.001183            -1        
1         0.9995              1.315     
1         0.9668              2.254     
1         0.0008774           2.291     
1         0.001957            1.705     
1         0.999               1.931     
1         0.999               1.386     
1         0.999               1.567     
1         0.002304            2.123     
1         0.9976              1.966     
1         0.0009279           1.305     
1         0.998               1.676     
1         0.0001919           1.536     
1         0.0003452           -1        
1         0.999               1.521     
1         0.9717              2.238     
1         0.02805             1.557     
1         0.9985              1.6       
1         0.6147              -1        
1         0.0009112           2.094     
1         0.04428             -1        
1         0.999               1.515     
1         0.01125             1.187     
1         0.1537              1.571     
1         0.9995              1.642     
1         0.0006747           1.489     
1         0.2351              1.565     
1         0.998               1.84      
1         0.00246             1.358     
1         0.9902              2.104     
1         0.04163             1.432     
1         0.6567              1.415     
1         0.1063              -1        
1         0.2101              1.552     
1         0.4675              1.312     
1         0.008781            1.925     
1         0.0009389           1.59      
1         0.06201             1.286     
1         0.01733             -1        
1         0.02637             1.395     
1         0.005508            1.764     
1         0.011               1.36      
1         0.9888              1.692     
1         0.0002216           1.17      
1         0.9951              1.844     
1         0.3374              1.623     
1         0.2534              1.819     
1         0.0007463           -1        
1         0.0007129           2.775     
1         0.03467             1.44      
1         0.897               -1        
1         0.003241            1.23      
1         0.004173            1.954     
1         0.9976              2.012     
1         0.1719              1.879     
1         0.9985              1.375     
1         0.999               1.574     
1         0.0686              1.584     
1         0.9995              1.544     
1         0.08936             -1        
1         0.9434              1.608     
1         0.06665             1.58      
1         0.7939              1.747     
1         0.0009179           1.853     
1         0.3347              -1        
1         0.9995              1.424     
1         0.9922              -1        
1         0.08386             1.562     
1         0.999               1.745     
1         0.0005751           2.129     
1         0.0005016           1.593     
1         0.05179             1.495     
1         0.9858              1.886     
1         0.9712              -1        
1         0.01131             1.405     
1         0.02364             1.434     
1         0.1118              1.566     
1         0.001439            1.674     
1         0.7725              1.785     
1         0.006836            1.49      
1         0.0002173           2.232     
1         0.001697            -1        
1         0.004875            1.698     
1         0.01017             -1        
1         0.009483            -1        
1         0.02129             -1        
1         0.9609              1.514     
1         0.02246             1.712     
1         0.9712              1.383     
1         0.8652              1.587     
1         0.999               -1        
1         0.9971              1.52      
1         0.7417              1.575     
1         0.001164            -1        
1         0.01335             2.059     
1         0.126               2.141     
1         0.009491            -1        
1         0.707               1.719     
1         0.9805              1.499     
1         9.573e-05           1.514     
1         0.3699              -1        
1         0.8013              1.516     
1         0.1134              2.551     
1         0.9766              1.306     
1         0.04416             1.526     
1         0.4788              1.676     
1         8.47e-05            1.789     
1         0.999               1.633     
1         0.8892              1.46      
1         0.0002463           1.192     
1         0.9976              1.881     
1         0.01079             -1        
1         0.01463             1.974     
1         0.999               1.781     
1         0.9531              1.781     
1         0.4004              1.852     
1         0.9995              1.578     
1         0.0002527           2.305     
1         0.5117              -1        
1         0.9922              1.666     
1         0.01234             1.685     
1         0.6235              1.404     
1         0.001572            2.279     
1         0.9976              1.616     
1         0.005436            1.567     
1         0.0002233           -1        
1         0.999               2.178     
1         0.03452             1.716     
1         0.08441             1.32      
1         0.998               1.638     
1         0.0001254           2.385     
1         0.001261            1.576     
1         0.9995              1.502     
1         0.668               1.415     
1         0.0006871           1.5       
1         0.0008063           -1        
1         0.6938              -1        
1         0.9414              1.886     
1         0.07141             1.271     
1         0.9995              -1        
1         0.0135              1.482     
1         0.9995              1.694     
1         0.9868              1.708     
1         0.01473             1.492     
1         0.01553             1.607     
1         0.9971              1.419     
1         0.9917              2.213     
1         0.001395            1.501     
1         0.9907              1.461     
1         0.981               1.521     
1         0.9971              1.362     
1         0.9932              2.207     
1         0.05099             1.533     
1         0.9971              1.669     
1         0.0001395           1.871     
1         0.3298              1.654     
1         0.9976              1.602     
1         0.9873              1.746     
1         0.9995              1.363     
1         0.9985              1.543     
1         0.9941              1.826     
1         0.001527            1.352     
1         0.01616             1.539     
1         0.2078              2.062     
1         0.9946              1.579     
1         0.05573             1.368     
1         0.001569            1.794     
1         0.9995              1.512     
1         0.98                1.327     
1         0.001154            -1        
1         0.0001649           1.605     
1         0.002571            1.636     
1         0.2231              2.117     
1         0.08484             1.565     
1         0.02769             1.81      
1         0.0159              1.51      
1         0.9897              -1        
1         0.9995              1.52      
1         0.1785              1.901     
1         0.9053              -1        
1         0.001708            -1        
1         0.02626             1.782     
1         0.9956              1.609     
1         0.00531             1.456     
1         0.00161             1.622     
1         0.999               1.385     
1         0.9946              1.498     
1         0.0001777           1.578     
1         0.999               1.706     
1         0.003334            -1        
1         0.0001066           2.496     
1         0.001498            1.299     
1         0.3376              1.881     
1         0.999               1.516     
1         0.001106            1.242     
1         0.05811             1.53      
1         0.1186              -1        
1         0.08228             1.489     
1         0.9961              1.583     
1         0.9658              1.722     
1         0.7534              1.399     
1         0.0006628           -1        
1         0.00473             -1        
1         0.2157              1.339     
1         0.9995              1.549     
1         0.9927              2.531     
1         0.3694              1.438     
1         0.2512              1.483     
1         0.999               1.244     
1         0.002171            1.053     
1         0.006622            1.913     
1         0.005501            1.539     
1         0.1069              1.82      
1         0.9814              1.677     
1         0.9932              1.799     
1         0.05151             1.241     
1         0.269               -1        
1         0.175               1.664     
1         0.01678             1.449     
1         0.00914             1.508     
1         0.999               1.491     
1         0.3499              1.492     
1         0.999               1.537     
1         0.002232            1.416     
1         0.007763            1.719     
1         0.9966              1.437     
1         0.5518              1.594     
1         0.9995              1.721     
1         0.3232              1.955     
1         0.9995              1.338     
1         0.001031            1.621     
1         0.0002202           1.488     
1         0.09027             1.742     
1         0.004826            1.516     
1         0.05658             -1        
1         7.743e-05           1.648     
1         0.1124              1.988     
1         0.8794              1.766     
1         0.04517             1.43      
1         0.999               1.772     
1         0.9922              1.848     
1         0.05804             1.418     
1         0.9985              2.441     
1         0.01067             -1        
1         0.02612             -1        
1         0.9995              1.769     
1         0.9517              1.533     
1         0.7612              1.602     
1         0.4028              2.664     
1         0.05954             1.397     
1         0.001111            -1        
1         0.9956              1.365     
1         0.001811            1.604     
1         0.001389            1.732     
