index     maxhbbscore         N3B1      
1         0.1885              1.66      
1         0.2537              1.227     
1         0.002472            2.066     
1         0.002731            1.587     
1         0.001987            1.869     
1         0.999               1.528     
1         0.003357            2.729     
1         0.9995              1.59      
1         0.00433             2.191     
1         0.9995              1.964     
1         0.4805              1.449     
1         0.96                -1        
1         0.001397            -1        
1         0.9907              -1        
1         0.9966              1.574     
1         0.958               1.712     
1         0.00238             2.111     
1         0.05405             1.212     
1         0.02815             1.91      
1         0.0005651           1.757     
1         0.001144            -1        
1         0.0004702           1.669     
1         0.001705            1.608     
1         0.02643             1.707     
1         0.9966              1.213     
1         0.9995              1.551     
1         0.1129              1.521     
1         0.2065              2.764     
1         0.0002366           2.17      
1         0.999               1.238     
1         0.7153              1.192     
1         0.998               1.249     
1         0.7632              -1        
1         0.7705              1.233     
1         0.999               1.659     
1         0.999               1.661     
1         0.006451            1.624     
1         0.834               2.057     
1         0.1987              1.523     
1         0.4097              1.82      
1         0.9995              2.238     
1         0.3848              1.704     
1         0.02217             1.554     
1         0.001999            1.583     
1         0.001896            1.467     
1         0.9995              1.684     
1         0.02095             1.654     
1         0.02451             1.578     
1         0.9482              1.607     
1         0.9937              1.413     
1         0.001178            1.555     
1         0.005772            1.539     
1         0.01004             1.498     
1         0.9995              1.385     
1         0.001569            1.741     
1         0.2366              2.396     
1         0.003704            1.297     
1         0.9927              2.443     
1         0.9995              1.633     
1         0.01222             1.253     
1         0.000946            1.56      
1         0.001925            1.814     
1         0.002491            1.431     
1         0.9189              -1        
1         0.002253            1.489     
1         0.003071            1.836     
1         0.001404            1.706     
1         0.005104            1.815     
1         0.02878             1.545     
1         0.01119             2.084     
1         0.01752             1.394     
1         0.001041            1.46      
1         0.002445            1.499     
1         0.9995              1.941     
1         0.999               1.572     
1         0.004715            1.852     
1         0.05969             -1        
1         0.003206            1.729     
1         0.02937             1.483     
1         0.02203             1.524     
1         0.005943            1.745     
1         0.0008049           3.191     
1         0.001276            -1        
1         0.005756            2.594     
1         0.1122              1.882     
1         0.7642              1.763     
1         0.9346              2.398     
1         0.8535              2.047     
1         0.01127             1.354     
1         0.6899              1.593     
1         0.02898             1.64      
1         0.04657             1.353     
1         0.998               1.315     
1         0.02542             -1        
1         0.9663              1.952     
1         0.0336              -1        
1         0.8569              1.282     
1         0.9985              1.53      
1         0.998               1.73      
1         0.7861              1.629     
1         0.001505            1.491     
1         0.02965             0.9321    
1         0.006115            1.725     
1         0.0002697           1.684     
1         0.03796             1.583     
1         0.7466              1.437     
1         0.9717              -1        
1         0.9985              1.851     
1         0.0001478           1.485     
1         0.09247             -1        
1         0.0004129           2.334     
1         0.606               1.6       
1         0.9902              1.82      
1         0.2046              1.58      
1         0.4822              1.439     
1         0.003841            -1        
1         0.01039             1.476     
1         0.918               1.411     
1         0.9307              1.344     
1         0.007721            1.503     
1         0.0295              1.57      
1         0.002934            1.501     
1         0.004589            1.687     
1         8.297e-05           1.24      
1         0.0002224           1.451     
1         0.0002034           1.502     
1         0.001206            1.521     
1         0.003281            1.301     
1         0.02744             1.416     
1         0.2396              2.039     
1         0.1542              3.119     
1         0.007626            1.42      
1         0.07904             1.238     
1         0.00275             1.384     
1         0.003036            -1        
1         0.007198            2.613     
1         0.01372             2.436     
1         0.2517              1.715     
1         0.3762              1.753     
1         0.0001805           1.758     
1         0.9473              2.777     
1         0.9976              1.419     
1         2.834e-05           1.954     
1         0.1809              -1        
1         0.0002037           1.905     
1         0.001204            1.798     
1         0.09204             1.689     
1         0.2622              1.508     
1         0.9995              1.934     
1         0.8599              1.434     
1         0.004593            1.457     
1         0.9541              1.438     
1         0.9995              1.86      
1         0.0003262           2.02      
1         0.7744              1.318     
1         0.9995              1.597     
1         0.0002357           1.938     
1         0.9956              1.466     
1         0.4709              -1        
1         0.000355            2.275     
1         0.0002158           1.78      
1         0.8735              1.533     
1         0.999               1.485     
1         0.728               1.417     
1         0.005505            1.672     
1         0.999               1.438     
1         0.0004566           2.523     
1         0.002142            1.501     
1         0.9468              2.1       
1         0.1373              1.674     
1         0.08563             1.472     
1         0.9907              1.459     
1         0.1499              1.907     
1         0.9961              0.8262    
1         0.2455              1.738     
1         0.9995              1.606     
1         0.1188              -1        
1         0.9995              1.771     
1         0.9961              2.021     
1         0.003956            2.477     
1         0.0004508           2.02      
1         0.999               1.442     
1         0.01817             2.041     
1         0.9966              2.676     
1         0.1632              1.481     
1         0.9995              2.543     
1         0.9995              2.143     
1         0.002516            1.506     
1         0.9961              1.695     
1         0.9912              1.769     
1         0.004387            -1        
1         0.6675              1.827     
1         0.1715              1.683     
1         0.00142             1.8       
1         0.999               2.4       
1         0.009621            -1        
1         0.0008955           2.807     
1         0.005539            1.342     
1         0.001633            1.828     
1         0.998               1.226     
1         0.02115             1.907     
1         0.08228             -1        
1         0.3167              1.364     
1         0.9995              1.367     
1         0.005299            1.866     
1         0.01391             1.062     
1         0.9995              1.579     
1         0.0002847           1.389     
1         0.01067             1.38      
1         0.01639             1.696     
1         0.00222             1.49      
1         0.1549              1.574     
1         0.9985              1.976     
1         0.9878              1.616     
1         0.03778             1.427     
1         0.01817             -1        
1         0.7329              1.607     
1         0.999               2.51      
1         0.9932              1.556     
1         0.6885              1.266     
1         0.999               1.513     
1         0.9873              1.914     
1         0.9644              1.614     
1         0.02861             1.849     
1         0.006912            1.784     
1         0.9995              1.898     
1         0.2542              1.656     
1         0.002474            2.002     
1         0.005295            -1        
1         0.9473              2.365     
1         0.03093             1.37      
1         0.2617              1.543     
1         0.979               1.013     
1         0.007717            1.448     
1         0.9814              -1        
1         0.005787            -1        
1         0.9995              1.556     
1         0.002563            1.608     
1         0.01232             1.485     
1         0.9995              1.446     
1         0.9043              -1        
1         0.002312            1.101     
1         0.007088            1.966     
1         0.0001624           -1        
1         0.9946              2.219     
1         0.02675             1.877     
1         0.3408              1.406     
1         0.07373             1.725     
1         0.01262             1.518     
1         0.2849              1.864     
1         0.9995              1.43      
1         0.00362             1.262     
1         0.0006285           1.352     
1         0.0004425           2.881     
1         0.065               1.339     
1         0.0002956           -1        
1         0.9995              1.768     
1         0.001181            1.771     
1         0.0002964           2.371     
1         0.0009265           -1        
1         0.02802             1.72      
1         0.9482              1.538     
1         0.1382              1.442     
1         0.1018              1.611     
1         0.0007029           1.381     
1         0.9995              1.55      
1         0.01066             1.525     
1         0.009247            1.858     
1         0.999               1.725     
1         0.0005341           1.586     
1         0.005249            1.356     
1         0.9937              1.739     
1         0.998               2.473     
1         0.0006604           1.27      
1         0.0001957           1.513     
1         0.0278              -1        
1         0.9995              1.536     
1         0.06451             1.51      
1         0.003677            1.813     
1         0.999               2.105     
1         0.003069            -1        
1         0.8892              2.477     
1         0.01413             1.658     
1         0.0005093           1.666     
1         0.7373              2.838     
1         0.00198             2         
1         0.001789            1.372     
1         0.9995              1.548     
1         0.999               1.519     
1         0.9995              1.359     
1         0.9336              1.497     
1         0.004601            2.111     
1         0.002604            1.483     
1         0.01392             1.553     
1         0.998               1.8       
1         0.9995              1.536     
1         0.999               1.716     
1         0.4829              1.454     
1         0.8364              1.487     
1         0.01723             1.508     
1         0.5674              1.554     
1         0.1495              1.316     
1         0.9995              1.552     
1         0.999               -1        
1         0.7871              1.646     
1         0.03568             2.498     
1         0.3406              1.471     
1         0.9995              1.393     
1         0.09363             1.626     
1         0.0001674           1.757     
1         0.001542            1.86      
1         0.2159              -1        
1         0.001426            -1        
1         0.06427             1.322     
1         0.8506              1.639     
1         0.1141              1.511     
1         0.9995              1.812     
1         0.9971              1.707     
1         0.001504            2.461     
1         0.0007167           1.731     
1         0.000742            2.221     
1         0.01801             1.68      
1         0.9619              -1        
1         0.9668              1.921     
1         0.4292              1.507     
1         0.9834              2.193     
1         0.0005155           1.774     
1         0.5215              1.515     
1         0.4138              2.549     
1         0.9785              -1        
1         0.00853             1.854     
1         0.02626             1.618     
1         0.0004747           1.439     
1         0.9966              1.432     
1         0.06519             2.428     
1         0.0001819           1.916     
1         0.02953             1.641     
1         0.004726            2.422     
1         0.9966              -1        
1         0.04803             1.539     
1         0.9634              1.759     
1         0.002096            1.808     
1         0.4109              1.461     
1         0.009377            1.499     
1         0.0008063           1.284     
1         0.8896              1.463     
1         0.0563              1.629     
1         0.9883              1.368     
1         0.005272            1.422     
1         0.001204            1.629     
1         0.05054             2.244     
1         0.001157            1.651     
1         0.9937              2.096     
1         0.8008              1.786     
1         0.07147             1.312     
1         0.002581            1.586     
1         0.2466              1.168     
1         0.9897              2.32      
1         0.9946              -1        
1         0.00197             1.54      
1         0.01486             -1        
1         0.9609              2.27      
1         0.9878              1.638     
1         0.9082              1.414     
1         0.9897              2.059     
1         0.938               1.864     
1         0.1268              1.626     
1         0.01051             -1        
1         0.0191              1.497     
1         0.0001972           2.871     
1         0.3394              1.087     
1         0.04962             -1        
1         4.53e-05            1.52      
1         0.9287              1.403     
1         0.9985              1.751     
1         0.9971              1.729     
1         0.998               1.979     
1         0.101               1.478     
1         0.008408            1.644     
1         0.001608            1.646     
1         0.03278             1.715     
1         0.02652             1.178     
1         0.1118              1.782     
1         0.0008864           1.575     
1         0.958               1.465     
1         0.00103             2.326     
1         0.1218              -1        
1         0.9868              1.486     
1         0.2328              1.403     
1         0.3201              1.418     
1         0.998               -1        
1         0.731               1.484     
1         0.9966              1.468     
1         0.005566            1.5       
1         0.01359             2.355     
1         0.3188              1.426     
1         0.0001328           1.793     
1         0.5806              1.471     
1         0.01105             1.694     
1         0.004131            1.35      
1         0.2666              1.293     
1         0.9995              1.485     
1         0.03299             -1        
1         4.703e-05           1.367     
1         0.0172              1.741     
1         0.9897              1.886     
1         0.05527             1.435     
1         0.0009151           1.353     
1         0.03265             -1        
1         0.9941              2.111     
1         0.001148            1.425     
1         0.02057             1.318     
1         0.004196            1.54      
1         0.9619              1.747     
1         0.02924             1.645     
1         0.9995              1.598     
1         0.9985              1.781     
1         0.002148            1.734     
1         0.0574              1.41      
1         0.9907              1.812     
1         0.0004678           1.644     
1         0.9995              1.59      
1         0.9995              1.827     
1         0.9771              1.408     
1         0.9561              1.358     
1         0.9985              1.667     
1         0.9932              1.639     
1         7.421e-05           1.16      
1         0.7998              1.093     
1         3.523e-05           1.708     
1         0.9951              2.244     
1         0.9995              -1        
1         0.03467             -1        
1         0.8125              1.578     
1         0.002829            1.812     
1         0.03088             1.776     
1         0.01501             1.842     
1         0.998               1.744     
1         0.999               1.686     
1         0.5215              1.738     
1         0.9502              2.283     
1         0.6709              1.414     
1         0.03108             1.416     
1         0.004074            1.34      
1         0.0005059           1.929     
1         0.344               2.254     
1         0.002232            1.541     
1         0.4922              1.594     
1         0.0358              1.503     
1         0.5752              1.728     
1         0.002052            1.691     
1         0.0002778           -1        
1         0.00824             1.897     
1         0.1863              -1        
1         0.007648            2.494     
1         0.9678              1.706     
1         0.000146            1.572     
1         0.00959             1.437     
1         0.1584              1.482     
1         0.998               1.656     
1         0.9873              1.796     
1         0.0001631           1.883     
1         0.9829              1.527     
1         0.06879             1.466     
1         4.783e-05           1.613     
1         0.09375             2.072     
1         0.0001395           1.642     
1         0.008347            1.435     
1         0.008125            3.139     
1         0.1027              1.55      
1         0.003338            1.667     
1         0.9741              1.516     
1         0.2563              1.204     
1         0.9932              1.488     
1         0.9775              2.047     
1         0.9922              2.15      
1         0.004436            2.059     
1         0.3245              1.39      
1         0.9902              1.546     
1         0.9951              -1        
1         0.0009937           -1        
1         0.416               1.514     
1         0.458               2.611     
1         0.06107             2.021     
1         0.02162             2.539     
1         0.004272            1.912     
1         0.02203             1.369     
1         0.9995              1.571     
1         0.0106              1.508     
1         0.06015             1.571     
1         0.2266              1.781     
1         0.9995              1.555     
1         0.47                2.318     
1         0.01074             1.53      
1         0.0002388           1.433     
1         0.999               1.505     
1         0.0006943           1.508     
1         0.02701             1.7       
1         0.1932              1.306     
1         0.5156              -1        
1         0.9785              1.565     
1         0.001764            1.478     
1         6.741e-05           1.266     
1         0.02246             -1        
1         0.0005908           1.724     
1         0.0226              1.576     
1         0.009354            1.765     
1         0.9409              -1        
1         0.998               2.256     
1         0.999               1.968     
1         0.01848             1.71      
1         0.9946              1.798     
1         0.8262              1.514     
1         0.0006151           1.548     
1         0.001902            2.217     
1         0.03387             2.869     
1         0.0134              1.539     
1         0.0001081           2.58      
1         0.9956              2.002     
1         0.4111              1.234     
1         0.5347              -1        
1         0.9033              2.055     
1         0.3381              -1        
1         0.01059             1.526     
1         0.2053              1.863     
1         0.7437              1.765     
1         0.0009966           -1        
1         0.006973            -1        
1         0.6304              1.462     
1         0.003424            1.48      
1         0.005039            2.65      
1         0.4187              1.405     
1         0.9985              -1        
1         0.02647             1.507     
1         0.9795              1.384     
1         0.007702            1.481     
1         0.9917              1.543     
1         0.0008135           1.438     
1         0.9985              1.558     
1         0.01782             2.084     
1         0.005123            1.818     
1         0.001031            1.581     
1         0.9888              1.779     
1         0.0008845           1.577     
1         0.007732            1.374     
1         0.9995              1.64      
1         0.998               1.48      
1         0.9912              2.129     
1         0.9951              1.727     
1         0.001249            1.758     
1         0.000142            0.7441    
1         0.002211            1.789     
1         0.03857             1.496     
1         0.9956              1.41      
1         0.9272              1.711     
1         0.0005836           1.388     
1         0.06415             1.226     
1         0.9736              1.588     
1         0.96                1.265     
1         0.06238             1.438     
1         0.0004001           1.332     
1         0.0007014           2.25      
1         8.166e-06           1.69      
1         0.9756              1.652     
1         0.9155              1.588     
1         0.3152              2.232     
1         0.008003            1.523     
1         0.002996            -1        
1         0.9775              2.924     
1         0.02481             1.597     
1         0.999               1.264     
1         0.3635              2.01      
1         0.0813              1.616     
1         0.002272            1.987     
1         0.008049            1.492     
1         0.8833              2.402     
1         4.619e-05           2.492     
1         0.001459            2.541     
1         0.0006986           2.994     
1         0.007595            2.113     
1         0.136               1.607     
1         0.0251              1.744     
1         0.0008769           1.22      
1         0.02399             1.757     
1         0.0004959           -1        
1         0.002155            1.622     
1         0.999               1.696     
1         0.0013              1.559     
1         0.004066            1.757     
1         0.2712              1.566     
1         0.005341            1.552     
1         0.5596              1.558     
1         0.9956              1.309     
1         0.999               1.917     
1         0.9927              3.389     
1         0.8096              2.125     
1         0.00386             1.448     
1         0.998               1.815     
1         0.5903              1.6       
1         0.9946              1.812     
1         0.2329              1.69      
1         0.0488              1.497     
1         0.01044             2.941     
1         0.001605            2.268     
1         0.281               1.853     
1         0.007469            1.335     
1         0.9985              1.354     
1         0.0009432           1.554     
1         0.01952             1.631     
1         0.9741              1.603     
1         0.3059              1.633     
1         0.004673            -1        
1         0.8506              1.531     
1         0.9395              1.582     
1         0.6401              1.679     
1         0.002556            2.561     
1         0.0008478           1.658     
1         0.4211              2.094     
1         0.000111            1.828     
1         0.0003538           2.787     
1         0.1206              1.394     
1         0.08844             1.58      
1         0.2449              -1        
1         0.999               1.534     
1         0.0004029           1.942     
1         0.0009761           1.653     
1         0.181               1.496     
1         0.02414             1.775     
1         0.0008678           1.361     
1         0.0013              1.353     
1         0.01126             1.816     
1         0.0004742           1.312     
1         0.999               1.696     
1         0.005836            1.473     
1         0.0006919           1.438     
1         2.679e-05           1.354     
1         0.3462              1.468     
1         0.003559            1.628     
1         0.9995              1.999     
1         0.9971              3.385     
1         0.9995              1.221     
1         0.0002563           1.544     
1         0.9556              1.502     
1         0.001197            1.582     
1         0.001966            1.603     
1         0.03873             1.917     
1         0.9897              2.77      
1         0.9937              1.811     
1         0.999               1.584     
1         0.002132            2.02      
1         0.0008783           2.539     
1         0.9946              1.688     
1         0.3394              -1        
1         0.9976              1.567     
1         0.2444              1.795     
1         0.0003889           -1        
1         0.9995              1.581     
1         0.9995              1.779     
1         0.4949              1.546     
1         0.9771              1.784     
1         0.01094             1.377     
1         0.7544              1.678     
1         0.3215              -1        
1         0.9878              1.546     
1         0.001158            1.545     
1         0.9927              1.425     
1         0.01051             1.535     
1         0.0001669           2.391     
1         0.006016            1.438     
1         0.07776             1.52      
1         0.2238              2.053     
1         0.00885             1.27      
1         0.0001918           2.025     
1         0.98                -1        
1         0.1561              1.642     
1         0.003492            1.637     
1         0.002262            1.475     
1         0.006317            1.316     
1         0.9976              2.121     
1         0.00647             1.437     
1         0.9995              1.758     
1         0.1025              -1        
1         0.9868              1.553     
1         0.999               1.679     
1         0.003572            -1        
1         0.002636            1.508     
1         0.875               1.204     
1         0.999               1.441     
1         0.05798             -1        
1         0.9639              1.597     
1         0.9585              1.746     
1         0.01109             1.465     
1         0.05643             1.482     
1         0.0007176           1.594     
1         0.001312            -1        
1         0.999               1.846     
1         0.0002921           1.732     
1         0.02686             1.381     
1         0.02715             1.646     
1         0.999               1.648     
1         0.02214             1.738     
1         0.4841              1.893     
1         0.9692              1.22      
1         0.0006027           1.821     
1         0.876               1.491     
1         0.002306            1.811     
1         0.9888              1.326     
1         0.1333              1.678     
1         0.9932              1.245     
1         0.9995              1.545     
1         0.0002899           1.805     
1         0.02203             1.7       
1         0.005077            1.564     
1         0.4558              1.944     
1         0.9976              2.342     
1         0.002497            1.794     
1         0.02                1.65      
1         0.1256              1.731     
1         0.4519              1.442     
1         0.002674            1.584     
1         0.999               1.302     
1         0.01903             2.535     
1         0.007217            -1        
1         0.0003119           1.405     
1         0.999               1.778     
1         0.01646             3.408     
1         0.01168             1.794     
1         0.9326              2.35      
1         0.0007491           1.393     
1         0.02684             1.605     
1         0.000386            1.51      
1         0.06329             -1        
1         0.7627              2.07      
1         0.9023              1.386     
1         0.01199             1.596     
1         0.9785              1.77      
1         0.006332            1.353     
1         0.01396             1.681     
1         0.3811              1.496     
1         0.9443              1.638     
1         0.8062              -1        
1         0.01994             1.535     
1         0.0005932           -1        
1         0.9966              2.557     
1         0.1802              1.515     
1         0.9995              1.475     
1         0.04346             1.557     
1         0.1288              1.966     
1         0.6899              1.629     
1         0.007515            1.554     
1         0.9541              -1        
1         0.9922              2.293     
1         0.0005975           2.012     
1         0.08081             1.755     
1         0.2781              1.301     
1         0.2698              -1        
1         0.1934              1.835     
1         7.558e-05           1.425     
1         0.9995              1.604     
1         0.02469             1.839     
1         0.9985              -1        
1         0.001037            1.812     
1         0.02872             2.41      
1         0.006855            1.465     
1         0.0001609           1.434     
1         0.9922              1.542     
1         0.9976              1.599     
1         0.9707              1.934     
1         0.0003099           -1        
1         0.3384              -1        
1         0.5591              1.536     
1         0.002035            -1        
1         0.0005603           1.459     
1         0.9834              1.301     
1         0.005733            -1        
1         0.999               1.569     
1         0.005863            1.527     
1         0.1235              2.08      
1         0.9951              1.757     
1         0.002251            1.776     
1         0.9995              1.477     
1         0.001532            2.24      
1         0.9912              1.887     
1         0.02934             1.443     
1         0.3254              1.589     
1         0.9946              1.753     
1         0.01782             1.796     
1         0.9995              1.428     
1         0.9971              1.605     
1         0.0003083           1.547     
1         0.9995              1.477     
1         0.9834              1.523     
1         0.3469              1.886     
1         0.004627            1.353     
1         0.9995              1.505     
1         3.856e-06           1.744     
1         0.01855             1.41      
1         0.006302            1.725     
1         0.0001028           2.438     
1         0.3149              -1        
1         0.9854              -1        
1         0.7148              1.49      
1         0.003593            1.561     
1         0.003244            2.918     
1         0.03192             1.921     
1         0.002102            1.624     
1         0.003138            1.766     
1         0.9937              1.438     
1         0.0003169           1.479     
1         0.0006618           2.025     
1         0.4399              2.168     
1         0.01776             1.554     
1         0.4609              2.215     
1         0.005791            1.584     
1         0.002161            -1        
1         0.999               1.597     
1         0.03168             -1        
1         0.000293            1.581     
1         0.00679             1.53      
1         0.02266             1.608     
1         0.323               -1        
1         0.03073             1.443     
1         0.02122             1.693     
1         0.08173             1.725     
1         0.003096            1.595     
1         0.9995              1.608     
1         0.0007977           -1        
1         0.005161            1.579     
1         0.0003996           2.605     
1         0.08087             2.662     
1         0.5327              -1        
1         0.07251             1.458     
1         0.01605             1.584     
1         0.0003779           1.003     
1         0.9995              1.685     
1         0.02673             1.409     
1         0.000659            1.565     
1         0.9507              -1        
1         0.007126            -1        
1         0.05737             -1        
1         0.0004516           2.092     
1         0.01545             1.773     
1         0.002832            1.434     
1         0.7871              1.51      
1         0.04102             1.852     
1         0.9951              2.039     
1         0.6602              -1        
1         0.1403              2.266     
1         0.999               1.438     
1         0.999               1.752     
1         0.9858              1.262     
1         0.9946              1.49      
1         0.04782             1.472     
1         0.000107            1.728     
1         0.9995              1.683     
1         0.117               1.638     
1         0.8926              2.979     
1         0.0002615           2.299     
1         0.07959             -1        
1         0.04651             1.402     
1         0.00666             1.854     
1         0.9077              1.854     
1         6.282e-05           1.639     
1         0.00737             1.79      
1         0.9971              1.381     
1         0.05228             1.477     
1         0.9995              2.488     
1         0.001106            -1        
1         0.9966              1.669     
1         0.000211            2.678     
1         0.06427             1.732     
1         0.002916            1.334     
1         0.00305             1.442     
1         0.9922              2.646     
1         0.05566             -1        
1         0.9922              1.561     
1         0.002733            1.701     
1         0.9971              1.566     
1         0.001655            -1        
1         0.9805              2.605     
1         0.5259              -1        
1         0.002741            1.511     
1         0.0009871           1.692     
1         0.09149             1.521     
1         0.0002654           1.58      
1         0.0007281           1.358     
1         0.9985              1.799     
1         0.999               1.531     
1         0.9917              1.137     
1         0.0004766           1.946     
1         0.01811             1.479     
1         0.6074              1.433     
1         0.00178             -1        
1         0.01029             1.602     
1         0.00034             1.477     
1         0.01431             1.413     
1         0.2878              -1        
1         0.0003235           1.729     
1         0.9995              2.166     
1         0.6387              1.565     
1         0.1456              1.508     
1         0.04935             -1        
1         0.1068              -1        
1         0.000162            2.541     
1         0.9995              1.212     
1         0.02243             2.051     
1         0.001673            1.82      
1         0.001475            2.957     
1         0.03406             1.091     
1         0.0001271           2.035     
1         0.00248             1.372     
1         0.998               1.392     
1         0.02011             1.345     
1         0.01666             1.598     
1         0.1569              1.563     
1         0.0007215           1.747     
1         0.02139             1.494     
1         0.0003893           1.545     
1         0.04688             1.537     
1         0.9648              1.562     
1         0.9976              1.66      
1         0.162               1.562     
1         0.002939            1.798     
1         0.9819              1.511     
1         0.0009513           1.618     
1         0.2184              1.938     
1         0.003223            1.49      
1         0.9937              1.782     
1         0.114               1.009     
1         0.9922              2.258     
1         0.00927             1.442     
1         0.5601              1.621     
1         0.003208            1.757     
1         0.002836            -1        
1         0.01271             1.457     
1         0.001099            1.406     
1         0.834               1.76      
1         0.2725              1.63      
1         0.001255            1.464     
1         0.0007281           1.509     
1         0.001924            -1        
1         0.00111             -1        
1         0.03384             1.6       
1         0.3767              1.458     
1         0.03084             1.328     
1         0.2703              -1        
1         3.955e-05           1.134     
1         0.9985              1.453     
1         0.01004             1.613     
1         0.03452             -1        
1         0.3096              1.415     
1         0.9922              1.71      
1         0.9717              1.295     
1         0.005077            1.351     
1         0.007172            1.76      
1         0.9541              1.478     
1         0.9341              -1        
1         0.9966              1.577     
1         0.999               2.219     
1         0.0007601           -1        
1         0.0008464           1.596     
1         0.9985              2.324     
1         0.0004251           2.006     
1         0.001745            -1        
1         0.1459              2.779     
1         0.3035              1.402     
1         0.2073              3.123     
1         0.5708              1.66      
1         0.08954             -1        
1         0.999               1.856     
1         0.7397              1.409     
1         0.01542             1.621     
1         0.08722             -1        
1         0.8848              1.96      
1         0.02824             1.556     
1         0.03226             -1        
1         0.9985              3.027     
1         0.7954              2.609     
1         0.002207            2.455     
1         3.967e-05           1.443     
1         0.9985              2.021     
1         0.998               1.977     
1         0.0007615           2.184     
1         0.999               1.574     
1         0.9897              3.543     
1         0.999               1.368     
1         0.9995              1.742     
1         0.01324             1.814     
1         0.9917              2.02      
1         0.009018            -1        
1         0.999               1.496     
1         0.02287             1.585     
1         0.9995              1.581     
1         0.001748            1.957     
1         0.006489            1.483     
1         0.7422              1.532     
1         0.2494              1.338     
1         0.0005484           1.764     
1         0.08612             -1        
1         0.9888              1.832     
1         0.003038            -1        
1         6.05e-05            1.812     
1         0.2312              1.308     
1         0.06378             1.372     
1         0.1285              1.55      
1         0.07251             2.24      
1         0.9531              2.238     
1         0.9678              1.488     
1         0.004723            -1        
1         0.003956            1.502     
1         0.9961              1.478     
1         0.007149            1.464     
1         0.1                 2.764     
1         0.1466              1.407     
1         0.9873              1.594     
1         0.00388             1.169     
1         0.003576            1.686     
1         0.01135             -1        
1         0.005291            1.389     
1         7.164e-05           -1        
1         0.01741             1.883     
1         0.1616              2.396     
1         0.3025              1.568     
1         0.0002285           1.833     
1         0.7476              1.929     
1         0.003851            1.237     
1         0.003538            -1        
1         0.5508              -1        
1         0.9995              1.562     
1         0.02661             1.43      
1         0.01453             1.464     
1         0.03824             1.503     
1         0.1805              1.923     
1         0.8062              1.517     
1         0.0004277           1.548     
1         0.4175              -1        
1         0.3167              1.682     
1         0.9941              2.588     
1         0.1281              1.84      
1         0.9995              -1        
1         0.003016            1.585     
1         0.9697              1.703     
1         0.1061              -1        
1         0.01172             2.334     
1         0.0005774           1.474     
1         0.9141              2.689     
1         0.01567             1.562     
1         0.999               -1        
1         0.0004528           1.761     
1         0.001106            1.295     
1         0.001781            1.604     
1         0.999               1.814     
1         0.0005517           -1        
1         9.435e-05           -1        
1         0.999               1.51      
1         0.1213              1.392     
1         0.7466              2.025     
1         0.9951              1.556     
1         0.05148             1.221     
1         0.006901            2.15      
1         0.9985              1.702     
1         0.9854              1.571     
1         0.1079              -1        
1         0.9995              1.536     
1         0.07422             1.477     
1         0.05133             2.158     
1         0.001107            2.203     
1         0.001279            1.618     
1         0.03302             -1        
1         0.9966              1.736     
1         0.001849            1.543     
1         0.9932              -1        
1         0.1199              1.593     
1         0.0001175           1.896     
1         0.4268              1.576     
1         0.3257              -1        
1         0.02769             -1        
1         0.00223             1.453     
1         0.9004              1.24      
1         0.08008             1.431     
1         0.000989            2.088     
1         0.0001009           1.566     
1         0.9897              1.618     
1         0.9541              1.298     
1         0.71                1.449     
1         0.09772             1.494     
1         0.4111              -1        
1         0.01932             1.59      
1         0.998               1.609     
1         0.1837              1.539     
1         0.9995              1.316     
1         0.05115             2.51      
1         0.001482            1.93      
1         0.0004005           1.546     
1         0.5586              0.8687    
1         0.1117              1.563     
1         0.9976              1.52      
1         0.09253             1.886     
1         0.009026            1.672     
1         0.07941             2.041     
1         0.0001489           2.217     
1         0.01031             -1        
1         0.2644              1.768     
1         0.07184             1.434     
1         0.02374             1.327     
1         0.6831              1.488     
1         0.0006447           1.829     
1         0.5034              1.49      
1         0.0002432           1.501     
1         0.009384            1.922     
1         0.4465              1.412     
1         0.0008106           1.299     
1         0.7422              1.663     
1         0.02879             1.35      
1         0.6675              -1        
1         0.05643             -1        
1         0.1149              1.733     
1         0.9951              1.322     
1         0.9985              2         
1         0.005512            2.312     
1         0.004948            1.396     
1         0.9985              1.633     
1         0.006012            1.415     
1         0.0004287           1.768     
1         0.8652              2.748     
1         0.001925            1.482     
1         0.008362            2.859     
1         0.1019              2.625     
1         0.01099             -1        
1         0.0009985           1.337     
1         0.239               1.371     
1         0.9902              1.616     
1         0.1305              1.8       
1         0.999               1.918     
1         0.999               1.639     
1         0.001093            -1        
1         0.9668              1.334     
1         0.0004256           1.881     
1         0.001219            1.809     
1         0.9878              1.271     
1         0.00125             1.493     
1         0.02547             1.469     
1         0.01083             1.768     
1         0.01813             2.195     
1         0.005741            2.346     
1         0.8682              2.609     
1         0.001852            1.782     
1         0.9136              1.402     
1         0.003241            -1        
1         0.091               1.432     
1         0.09668             1.731     
1         0.999               1.576     
1         0.002081            1.507     
1         0.2544              1.354     
1         0.179               1.391     
1         0.0006747           1.625     
1         0.2822              1.529     
1         0.006126            1.526     
1         0.001244            1.653     
1         0.001891            2.619     
1         0.9951              1.797     
1         0.9585              2.736     
1         0.999               1.811     
1         0.9995              1.256     
1         0.0322              1.447     
1         0.0003614           1.174     
1         0.9995              1.737     
1         0.002129            1.342     
1         0.0005031           2.643     
1         0.1359              1.544     
1         0.006397            1.554     
1         0.01017             1.907     
1         0.8701              1.577     
1         0.9634              1.374     
1         0.9995              1.585     
1         0.9985              2.65      
1         0.5449              2.617     
1         0.1978              -1        
1         0.001265            1.646     
1         0.004795            2.09      
1         1.638e-05           1.87      
1         0.0001211           1.338     
1         0.8936              1.499     
1         0.06744             1.348     
1         0.03452             1.445     
1         0.001833            1.682     
1         0.02341             1.682     
1         0.00247             1.607     
1         0.01569             1.551     
1         0.1874              1.444     
1         0.0007892           2.797     
1         0.01593             1.387     
1         0.9868              2.238     
1         0.957               1.438     
1         0.1267              2.332     
1         0.1615              1.522     
1         0.1647              1.707     
1         0.0004473           1.805     
1         0.0003421           1.262     
1         0.9946              1.5       
1         0.04245             -1        
1         0.999               1.549     
1         0.009018            1.319     
1         0.9917              1.531     
1         0.003895            1.365     
1         0.9956              2.023     
1         0.998               1.192     
1         0.09344             -1        
1         0.009628            1.541     
1         0.0001792           1.67      
1         0.003721            1.478     
1         6.223e-05           1.646     
1         0.001744            1.652     
1         0.003426            1.874     
1         0.9956              2.379     
1         0.01662             1.697     
1         0.9946              1.353     
1         0.4412              1.597     
1         0.002413            1.428     
1         0.001938            1.459     
1         0.9575              1.237     
1         0.0007005           1.732     
1         0.0007935           1.449     
1         0.9995              1.627     
1         0.9995              1.862     
1         0.9829              1.573     
1         0.9521              2.316     
1         0.999               1.428     
1         1.901e-05           2.484     
1         0.02998             2.498     
1         0.001041            1.62      
1         0.01891             1.435     
1         0.2122              -1        
1         0.05643             2.316     
1         0.9961              1.459     
1         0.0007982           1.501     
1         0.009567            1.582     
1         0.01851             1.576     
1         0.8799              1.994     
1         0.8105              1.696     
1         0.05811             1.787     
1         0.003448            1.637     
1         0.0004067           1.539     
1         0.5439              1.643     
1         0.9819              -1        
1         0.9048              1.552     
1         0.0001638           1.601     
1         0.9883              1.494     
1         0.9995              1.282     
1         0.9966              2.268     
1         0.000689            2.061     
1         0.005569            1.684     
1         0.1748              1.482     
1         0.03497             1.501     
1         0.009377            1.547     
1         0.3789              -1        
1         0.006409            1.563     
1         0.02147             3.051     
1         0.001812            1.871     
1         0.998               1.301     
1         0.998               1.585     
1         0.0008969           -1        
1         5.871e-05           1.674     
1         0.1991              1.64      
1         0.252               1.746     
1         0.08246             1.733     
1         0.001109            1.588     
1         0.004742            1.634     
1         0.1606              1.394     
1         0.149               2.832     
1         0.0209              2.205     
1         0.01382             1.503     
1         0.2615              1.465     
1         0.008804            1.69      
1         0.0002069           1.636     
1         0.9995              1.485     
1         0.9985              1.849     
1         0.02255             2.09      
1         0.4211              -1        
1         0.5396              -1        
1         0.001823            1.84      
1         0.05032             1.86      
1         0.00325             1.497     
1         0.00238             -1        
1         0.001105            1.189     
1         0.0002811           2.082     
1         0.6108              2.303     
1         0.6587              -1        
1         0.0002037           2.156     
1         0.001894            2.26      
1         0.01831             -1        
1         0.998               1.326     
1         0.212               1.316     
1         0.999               1.691     
1         0.999               1.622     
1         0.006924            2.834     
1         0.02237             1.665     
1         0.3799              1.521     
1         0.005199            2.305     
1         0.003542            1.527     
1         0.001592            2.07      
1         0.001152            1.503     
1         0.9971              2.977     
1         0.01547             -1        
1         0.002016            -1        
1         0.05664             1.488     
1         0.008163            1.841     
1         0.005329            1.771     
1         0.9692              1.386     
1         0.004253            1.639     
1         0.9829              1.926     
1         0.0007963           1.498     
1         0.999               1.586     
1         0.1042              1.569     
1         0.8828              2.008     
1         0.917               1.688     
1         0.9995              1.526     
1         0.918               1.444     
1         0.9971              1.949     
1         0.006046            1.713     
1         0.999               1.988     
1         0.0001266           1.273     
1         0.02197             1.476     
1         0.9951              1.797     
1         0.01522             1.563     
1         0.9888              2.676     
1         0.04288             1.617     
1         8.088e-05           1.32      
1         0.009445            1.805     
1         0.2817              1.823     
1         0.07257             1.458     
1         0.2781              1.404     
1         0.9995              1.501     
1         0.09613             1.563     
1         0.008034            1.818     
1         0.008118            1.458     
1         0.003941            2.193     
1         0.001179            1.884     
1         0.7759              2.25      
1         0.1763              1.725     
1         0.999               2.047     
1         0.978               3.484     
1         0.9941              1.065     
1         0.01032             1.53      
1         9.465e-05           2.174     
1         8.035e-05           1.604     
1         0.01094             1.863     
1         0.4629              1.576     
1         0.8096              1.968     
1         0.9839              1.617     
1         0.08783             1.35      
1         0.2134              1.605     
1         0.002851            1.665     
1         0.002314            1.597     
1         0.01508             1.899     
1         0.999               1.562     
1         0.98                1.691     
1         0.01263             1.703     
1         0.9995              1.486     
1         0.1247              1.636     
1         0.07422             1.773     
1         0.2386              -1        
1         0.006599            1.38      
1         0.01221             1.674     
1         0.9995              1.422     
1         0.9995              1.578     
1         0.688               -1        
1         0.08521             1.609     
1         0.5806              1.239     
1         0.9917              1.446     
1         0.999               1.601     
1         0.9722              1.612     
1         0.6519              2.148     
1         0.007492            -1        
1         0.5708              1.382     
1         0.8188              1.619     
1         0.5649              -1        
1         0.1144              0.897     
1         0.4683              -1        
1         0.9834              2.273     
1         0.999               1.524     
1         0.01071             1.369     
1         0.02933             1.692     
1         0.9883              1.715     
1         0.002201            2.809     
1         0.002514            1.531     
1         3.809e-05           1.55      
1         0.9956              1.534     
1         0.005913            1.514     
1         0.001925            1.723     
1         0.004986            1.919     
1         0.9951              1.6       
1         0.3677              1.446     
1         0.5928              2.691     
1         0.9238              1.827     
1         0.003605            1.854     
1         0.2124              1.54      
1         0.006786            -1        
1         0.01978             1.486     
1         0.03409             -1        
1         6.747e-05           -1        
1         0.5493              -1        
1         0.007168            1.399     
1         0.9985              1.636     
1         0.09351             -1        
1         0.3706              1.513     
1         0.004372            -1        
1         0.9941              1.6       
1         0.9688              1.739     
1         0.0008235           2.039     
1         0.9995              1.76      
1         0.999               3.074     
1         0.5205              -1        
1         0.001968            2.154     
1         0.9937              1.426     
1         0.9868              2.516     
1         0.5669              1.911     
1         0.04041             2.662     
1         0.9995              1.566     
1         0.7119              -1        
1         0.04062             2.135     
1         0.2191              1.86      
1         0.999               -1        
1         0.001206            1.413     
1         0.5098              1.797     
1         0.3677              2.072     
1         0.1265              1.901     
1         0.7856              1.5       
1         0.8979              1.533     
1         0.9976              1.742     
1         0.0007958           1.808     
1         0.1614              1.488     
1         0.1058              1.458     
1         0.999               1.743     
1         0.6714              2.463     
1         0.01112             1.696     
1         0.000193            1.964     
1         0.2817              2.217     
1         0.0101              1.492     
1         0.9932              1.6       
1         0.873               -1        
1         0.01167             1.747     
1         0.005108            1.538     
1         0.0006866           2.291     
1         0.9043              1.388     
1         0.07349             1.349     
1         0.999               1.504     
1         0.9995              1.485     
1         0.9736              1.511     
1         0.9727              -1        
1         0.01224             2.422     
1         0.9995              1.45      
1         0.003355            1.81      
1         0.9922              1.73      
1         0.7734              -1        
1         0.001493            -1        
1         0.8491              2.207     
1         0.9995              1.603     
1         0.0004253           1.771     
1         0.918               1.903     
1         0.0007081           2.004     
1         0.00198             1.916     
1         0.02969             1.435     
1         0.8101              -1        
1         0.01582             -1        
1         0.3574              1.682     
1         0.0001312           1.537     
1         0.999               1.605     
1         0.004105            -1        
1         0.709               1.445     
1         0.9956              3.031     
1         0.9741              1.445     
1         0.08551             2.926     
1         0.7471              1.365     
1         0.002464            1.465     
1         0.1866              1.439     
1         0.9995              1.572     
1         0.005989            1.561     
1         0.01505             1.416     
1         0.003839            1.734     
1         0.00502             2.156     
1         0.0007639           0.6631    
1         0.01688             1.734     
1         0.196               1.2       
1         0.7173              1.707     
1         0.006428            2.525     
1         0.07629             1.562     
1         0.9951              2.246     
1         0.9971              1.486     
1         0.1138              1.696     
1         0.1142              1.869     
1         0.999               1.67      
1         0.0003862           1.754     
1         0.02245             1.775     
1         0.0009918           2.041     
1         0.3301              2.475     
1         0.9814              2.439     
1         0.022               1.378     
1         0.3103              1.661     
1         0.0004661           1.596     
1         0.9883              1.699     
1         0.8521              1.608     
1         0.8901              1.493     
1         0.9995              1.734     
1         0.08899             1.289     
1         0.002159            1.647     
1         0.001616            -1        
1         0.1658              1.795     
1         0.9995              1.599     
1         0.02045             1.856     
1         0.9722              1.326     
1         0.999               -1        
1         0.3728              1.653     
1         0.6177              1.469     
1         0.0009794           1.964     
1         0.0002856           1.465     
1         0.9932              1.493     
1         0.2803              1.199     
1         0.9956              1.271     
1         0.0001901           3.061     
1         0.01273             1.2       
1         0.04675             1.501     
1         0.9995              1.534     
1         0.999               1.518     
1         0.9995              1.497     
1         0.0006542           1.976     
1         0.9697              1.724     
1         0.1019              1.533     
1         0.000145            1.577     
1         0.9946              1.3       
1         0.999               1.567     
1         0.002014            1.315     
1         0.9995              1.655     
1         0.001044            1.242     
1         0.9409              2.223     
1         0.9946              1.425     
1         0.001528            2.178     
1         0.6064              1.499     
1         0.003201            1.563     
1         0.9458              1.435     
1         0.9995              1.48      
1         0.02496             1.947     
1         0.07874             1.78      
1         0.0006495           1.75      
1         0.8555              1.805     
1         0.999               1.686     
1         0.001194            1.457     
1         0.9956              1.558     
1         0.2815              1.828     
1         0.9995              1.622     
1         0.9946              1.633     
1         0.02034             1.476     
1         0.003639            1.63      
1         0.0007863           -1        
1         0.1187              1.166     
1         0.01927             1.818     
1         0.2389              2.381     
1         0.003828            1.201     
1         0.001818            1.531     
1         0.0295              1.49      
1         0.7725              1.517     
1         0.7568              1.305     
1         0.9995              1.558     
1         0.0003283           1.626     
1         0.7144              1.4       
1         0.9976              1.7       
1         0.2484              1.763     
1         0.0213              1.365     
1         0.007988            -1        
1         0.0004606           1.938     
1         0.002731            1.837     
1         0.01105             1.471     
1         0.9995              1.457     
1         0.02141             2.021     
1         0.0531              1.354     
1         0.07904             -1        
1         0.937               1.613     
1         0.0001463           2.111     
1         0.002832            1.519     
1         0.07532             1.417     
1         0.9985              2.852     
1         0.6719              2.078     
1         0.9995              1.217     
1         0.9995              1.294     
1         0.01196             1.991     
1         0.004467            1.74      
1         0.9985              1.42      
1         0.05865             1.502     
1         0.004883            -1        
1         0.9995              2.109     
1         0.001838            -1        
1         0.1451              1.565     
1         0.02888             2.562     
1         0.007053            2.555     
1         0.8389              1.988     
1         0.0003767           1.498     
1         0.999               1.571     
1         0.999               2.143     
1         0.9614              1.333     
1         0.1737              1.93      
1         0.006367            1.856     
1         0.9995              1.501     
1         0.999               1.516     
1         0.02728             3.076     
1         0.1713              1.579     
1         0.9888              2.352     
1         0.001474            1.8       
1         0.002171            2.373     
1         0.9985              2.178     
1         0.9893              -1        
1         0.9927              1.64      
1         6.622e-05           2.031     
1         0.002693            1.481     
1         0.004456            2.168     
1         0.999               2.605     
1         0.3059              -1        
1         0.2883              1.565     
1         0.03812             2.281     
1         0.0003769           -1        
1         0.0002606           2.42      
1         0.001963            1.491     
1         0.8789              1.22      
1         0.05191             1.597     
1         0.0001279           1.342     
1         0.999               1.567     
1         0.05225             1.51      
1         0.02753             1.468     
1         0.9995              1.597     
1         0.9995              1.648     
1         4.941e-05           1.422     
1         0.3752              1.59      
1         0.03293             -1        
1         0.02637             3.236     
1         0.03809             1.521     
1         0.5762              1.456     
1         0.01834             1.593     
1         0.1064              1.255     
1         0.9976              1.477     
1         0.9639              1.148     
1         0.06076             1.698     
1         0.01608             2.371     
1         0.0788              2.338     
1         0.001218            1.53      
1         0.8154              1.595     
1         0.01799             2.496     
1         0.6699              -1        
1         0.4224              1.488     
1         0.5967              1.534     
1         0.9683              1.474     
1         0.01234             1.886     
1         0.1277              -1        
1         0.0007443           1.841     
1         0.002041            1.504     
1         0.194               1.707     
1         0.04236             1.487     
1         0.9878              1.523     
1         0.02                -1        
1         0.02635             3.039     
1         0.9971              2.025     
1         0.9995              1.473     
1         0.008957            1.981     
1         0.0006819           1.535     
1         0.9961              1.51      
1         0.7646              -1        
1         0.938               1.704     
1         0.2222              -1        
1         0.002304            1.422     
1         0.9985              1.657     
1         0.8428              1.874     
1         0.0002556           1.542     
1         0.998               2.361     
1         0.9487              1.242     
1         0.0008464           1.497     
1         0.9912              1.554     
1         0.9971              1.007     
1         0.1117              -1        
1         0.8281              1.511     
1         0.003784            2.662     
1         0.005371            1.954     
1         0.9995              1.49      
1         0.00684             1.37      
1         0.9487              1.387     
1         0.9946              2.174     
1         0.999               1.49      
1         0.8809              1.542     
1         0.9995              1.687     
1         0.004181            1.551     
1         0.999               1.57      
1         0.00015             1.783     
1         0.02513             1.47      
1         0.4612              1.504     
1         0.003469            3.141     
1         0.9995              1.619     
1         0.9888              1.452     
1         0.999               1.614     
1         0.001929            1.766     
1         0.9966              1.685     
1         0.04593             1.417     
1         0.6528              1.624     
1         4.563e-05           1.696     
1         0.0004332           1.496     
1         0.004608            1.147     
1         0.04565             2.541     
1         0.0006113           1.699     
1         0.04422             1.811     
1         0.1954              2.486     
1         0.9995              1.527     
1         0.9985              1.729     
1         0.9873              1.124     
1         0.0004783           1.38      
1         0.0838              1.565     
1         0.04156             3.34      
1         0.09424             1.795     
1         0.999               1.384     
1         0.003418            2.27      
1         0.005814            1.275     
1         0.0954              1.167     
1         0.004513            1.61      
1         0.0051              1.662     
1         0.06219             1.538     
1         0.9995              1.588     
1         0.01142             1.684     
1         0.000958            1.583     
1         0.259               1.441     
1         0.01762             2.484     
1         0.212               1.518     
1         0.9707              1.425     
1         0.9688              1.48      
1         0.04172             1.75      
1         0.957               1.443     
1         0.9712              2.643     
1         0.4075              1.426     
1         0.998               1.607     
1         0.9531              1.485     
1         0.02719             -1        
1         0.6855              1.763     
1         0.1947              1.424     
1         0.03189             1.692     
1         0.0003276           3.549     
1         0.9966              1.608     
1         0.03412             1.539     
1         0.03522             -1        
1         0.8042              1.517     
1         0.05386             1.514     
1         0.1316              1.597     
1         0.005142            2.336     
1         0.9995              2.051     
1         0.9946              1.427     
1         0.2382              -1        
1         0.5659              1.351     
1         0.03598             1.894     
1         0.9985              1.575     
1         0.002455            1.307     
1         0.03287             1.167     
1         0.005543            -1        
1         0.4048              -1        
1         0.9995              1.523     
1         0.001575            1.841     
1         0.01662             -1        
1         0.002401            1.447     
1         0.9844              1.864     
1         0.05817             -1        
1         0.9927              2.113     
1         0.04861             1.382     
1         0.9185              1.926     
1         0.6938              1.641     
1         0.007828            1.375     
1         0.9946              1.567     
1         0.001081            2.209     
1         0.0004253           1.565     
1         0.001377            1.934     
1         0.006149            1.5       
1         0.9917              1.571     
1         0.04651             1.654     
1         0.9937              2.461     
1         0.00139             1.702     
1         0.9985              1.492     
1         0.03256             1.529     
1         0.999               1.416     
1         0.9771              1.255     
1         0.002907            1.71      
1         0.9551              2.639     
1         0.03665             1.694     
1         0.02469             1.915     
1         0.03128             1.896     
1         0.9985              1.562     
1         0.001658            -1        
1         0.001362            1.878     
1         0.9971              1.934     
1         0.0007982           -1        
1         0.8379              1.396     
1         0.03049             2.031     
1         0.01499             1.909     
1         0.000948            2.031     
1         0.003489            1.401     
1         0.1648              2.73      
1         0.002344            1.537     
1         0.00101             1.291     
1         0.0001802           2.049     
1         0.9995              1.21      
1         0.999               1.496     
1         0.0005178           2.498     
1         0.0002323           1.601     
1         0.005909            1.46      
1         0.0257              1.982     
1         0.5801              2.184     
1         0.1455              1.944     
