index     maxhbbscore         N3B1      
1         0.9995              1.631     
1         0.7129              -1        
1         0.006847            1.497     
1         0.003672            -1        
1         0.009857            1.583     
1         0.0001277           1.527     
1         0.003138            1.095     
1         0.0005765           -1        
1         0.000108            2.15      
1         0.0003932           1.729     
1         0.9995              1.546     
1         0.1185              1.67      
1         0.003365            1.682     
1         0.01706             1.716     
1         0.9995              1.52      
1         0.03137             1.569     
1         0.06683             1.619     
1         0.9766              -1        
1         0.006775            1.618     
1         0.998               1.495     
1         0.003246            -1        
1         0.998               1.748     
1         0.9995              1.493     
1         0.1071              2.287     
1         0.9858              -1        
1         0.9941              1.534     
1         0.02834             1.308     
1         0.4021              1.846     
1         0.03845             1.768     
1         0.1592              -1        
1         0.07428             1.362     
1         0.003363            -1        
1         0.4216              -1        
1         0.9902              1.646     
1         0.3308              1.877     
1         0.02927             -1        
1         0.07123             1.562     
1         0.3496              1.559     
1         0.9487              1.492     
1         0.751               -1        
1         0.9961              -1        
1         0.9976              3.23      
1         0.6567              1.427     
1         0.9038              1.64      
1         0.9976              1.685     
1         0.9985              2.322     
1         0.9326              1.33      
1         0.03348             1.6       
1         0.2778              1.354     
1         0.002003            1.729     
1         0.0009594           -1        
1         0.9917              2.584     
1         0.4819              1.668     
1         0.3765              1.683     
1         0.08667             1.425     
1         0.9849              -1        
1         0.9995              1.572     
1         0.2395              -1        
1         0.002052            1.45      
1         0.6685              1.567     
1         0.4475              1.948     
1         0.1555              1.836     
1         0.9741              -1        
1         0.8662              1.392     
1         0.4487              2.129     
1         0.05759             2.602     
1         5.516e-05           1.921     
1         0.9609              1.509     
1         0.006382            1.625     
1         0.4714              2.16      
1         0.0006671           3.197     
1         0.0004292           1.531     
1         0.4949              -1        
1         0.9937              1.438     
1         0.0007277           1.658     
1         0.004997            1.611     
1         0.003664            1.424     
1         0.09088             1.399     
1         0.8003              -1        
1         0.9775              1.532     
1         0.9956              1.812     
1         0.9956              1.552     
1         0.9971              1.169     
1         0.9883              1.552     
1         0.96                1.517     
1         0.02499             1.179     
1         0.04913             1.238     
1         0.7817              2.305     
1         0.06732             1.436     
1         0.2803              1.556     
1         0.001051            1.339     
1         0.9458              2.113     
1         0.04117             1.543     
1         0.998               1.597     
1         0.9961              1.759     
1         0.1337              1.275     
1         0.004581            2.047     
1         0.999               1.358     
1         0.3391              1.556     
1         0.9995              1.319     
1         0.1781              1.478     
1         0.01196             1.445     
1         0.002386            2.373     
1         0.9907              1.426     
1         0.9854              1.4       
1         0.0007572           1.429     
1         0.9561              1.906     
1         0.9946              1.461     
1         7.671e-05           2.969     
1         0.002609            1.521     
1         0.006546            1.529     
1         0.7803              2.549     
1         0.9976              1.723     
1         0.54                1.28      
1         0.7329              -1        
1         0.9561              2.055     
1         0.002365            2.879     
1         0.9839              2.609     
1         0.9907              2.074     
1         0.0009584           1.742     
1         0.01799             1.625     
1         0.9951              1.69      
1         0.001345            1.417     
1         0.9995              1.962     
1         0.999               1.843     
1         0.004169            2.818     
1         0.01438             1.304     
1         0.0006647           1.443     
1         0.002403            1.642     
1         0.008537            2.508     
1         0.006527            1.97      
1         0.9985              1.506     
1         0.9438              2.059     
1         0.9961              2.254     
1         0.00313             1.562     
1         0.01811             1.969     
1         0.003311            -1        
1         0.003305            1.406     
1         0.9976              1.541     
1         0.001417            1.289     
1         0.001897            1.43      
1         0.1628              1.656     
1         0.001749            1.193     
1         0.002748            1.242     
1         0.01305             2.18      
1         0.08325             1.835     
1         0.0001528           2.141     
1         0.0003622           3.225     
1         0.9985              1.537     
1         0.01057             2.303     
1         0.7456              1.223     
1         0.000309            1.293     
1         0.9995              1.659     
1         0.2612              1.348     
1         0.1068              1.659     
1         0.2235              2.037     
1         0.02887             1.973     
1         0.003557            -1        
1         0.959               1.287     
1         0.9995              2.027     
1         0.02684             1.477     
1         0.999               1.594     
1         0.998               1.49      
1         0.0119              1.694     
1         0.9995              1.472     
1         0.001064            1.804     
1         0.002863            1.49      
1         0.002073            1.592     
1         0.999               1.793     
1         0.02019             1.367     
1         0.00293             1.468     
1         0.004726            2.225     
1         0.0008278           2.102     
1         0.01282             1.604     
1         0.999               1.437     
1         0.8804              1.466     
1         0.9976              1.635     
1         0.4355              1.632     
1         0.9531              1.297     
1         0.003468            1.36      
1         0.4565              -1        
1         0.7256              1.873     
1         0.5601              -1        
1         0.0004327           1.683     
1         0.003023            1.681     
1         0.004749            1.484     
1         0.9995              1.698     
1         0.006351            1.919     
1         2.995e-05           3.596     
1         0.006065            -1        
1         0.9985              1.362     
1         0.001136            1.538     
1         0.07794             1.244     
1         0.02168             1.498     
1         0.9399              1.548     
1         0.05161             1.492     
1         0.0354              1.353     
1         0.3394              1.186     
1         0.9341              1.542     
1         0.8096              1.344     
1         0.02237             1.688     
1         0.03476             1.369     
1         0.9707              1.32      
1         0.0004344           1.672     
1         0.0003695           1.303     
1         0.0007267           2.447     
1         0.001974            1.844     
1         0.9971              1.499     
1         0.003292            1.818     
1         0.999               1.817     
1         0.4265              1.472     
1         0.01949             1.645     
1         0.999               1.773     
1         0.0006509           -1        
1         0.008415            1.516     
1         0.9839              1.86      
1         0.0305              1.541     
1         0.008675            1.506     
1         0.01511             1.576     
1         0.9995              1.562     
1         0.005539            -1        
1         0.06995             2.73      
1         0.0007644           1.278     
1         0.8896              1.786     
1         0.001337            1.471     
1         0.0002744           3.111     
1         0.9995              1.417     
1         0.7964              1.679     
1         0.003006            1.3       
1         0.07007             1.382     
1         0.004093            1.545     
1         0.001801            1.472     
1         0.0813              1.917     
1         0.9995              1.472     
1         0.01087             1.115     
1         0.9956              2.346     
1         0.3452              1.372     
1         0.2825              1.643     
1         0.002638            1.621     
1         0.4319              1.451     
1         0.363               1.436     
1         0.0799              1.325     
1         0.003101            -1        
1         0.001243            1.431     
1         0.9854              1.282     
1         0.0005808           2.836     
1         0.01162             1.634     
1         0.01444             1.721     
1         0.0376              1.487     
1         0.9932              1.498     
1         0.002287            1.507     
1         0.04703             1.539     
1         0.001486            1.369     
1         0.0009813           1.429     
1         0.0002508           1.296     
1         0.8901              1.664     
1         0.04214             1.288     
1         0.7227              1.485     
1         0.9907              1.519     
1         0.9946              1.765     
1         0.004532            1.533     
1         0.0009284           1.631     
1         0.9995              2.062     
1         0.9951              1.689     
1         0.7715              -1        
1         0.007145            1.42      
1         0.1193              1.683     
1         0.2881              1.766     
1         0.9946              0.855     
1         0.006474            1.48      
1         0.0008845           1.862     
1         0.003902            1.303     
1         0.4041              1.59      
1         0.00404             1.706     
1         0.9917              1.662     
1         0.606               1.332     
1         0.0001572           1.822     
1         0.2986              1.879     
1         0.9604              -1        
1         0.002728            2.002     
1         0.005692            2.057     
1         0.6782              -1        
1         0.0002658           1.437     
1         0.3396              -1        
1         0.9941              1.514     
1         0.5645              1.396     
1         0.04196             -1        
1         0.2101              1.882     
1         0.0238              1.394     
1         0.009026            1.494     
1         0.04227             1.93      
1         0.00101             1.511     
1         0.004536            1.596     
1         0.009064            1.328     
1         0.6875              1.397     
1         0.002195            1.5       
1         0.8022              1.642     
1         0.0343              1.625     
1         0.04938             1.309     
1         0.1265              -1        
1         0.1169              1.844     
1         0.4622              -1        
1         0.5811              1.575     
1         0.2245              1.432     
1         0.999               1.742     
1         0.001779            2.006     
1         0.01435             1.355     
1         0.002754            2.23      
1         0.01209             1.664     
1         0.1874              1.779     
1         0.01985             1.49      
1         0.8428              1.521     
1         0.3535              1.599     
1         0.01912             1.83      
1         0.9761              1.333     
1         0.9541              1.772     
1         0.5508              1.811     
1         0.001024            1.48      
1         0.3877              1.564     
1         0.9746              1.396     
1         0.1043              1.44      
1         0.9985              2.275     
1         0.02148             1.576     
1         0.9829              1.306     
1         0.9956              1.629     
1         0.01723             1.588     
1         0.006374            1.33      
1         0.6553              1.581     
1         0.9824              1.991     
1         0.9956              1.776     
1         0.9995              1.938     
1         0.8838              1.438     
1         0.2054              1.39      
1         0.007351            2.455     
1         0.3374              0.197     
1         0.5327              1.799     
1         0.1782              1.512     
1         0.8198              1.798     
1         0.999               1.505     
1         0.004349            1.624     
1         0.015               2.203     
1         0.02785             1.398     
1         0.0008612           1.396     
1         0.002653            2.113     
1         0.9937              1.947     
1         0.05151             1.738     
1         0.224               -1        
1         0.5073              1.605     
1         0.998               1.53      
1         5.984e-05           1.749     
1         0.9946              2.117     
1         0.02708             1.484     
1         0.3159              1.902     
1         0.9785              2.02      
1         0.007881            1.406     
1         0.9844              -1        
1         0.5283              -1        
1         0.003046            1.636     
1         0.9414              2.188     
1         0.9146              1.437     
1         0.1403              2.125     
1         0.645               1.509     
1         0.008492            2.166     
1         0.6514              1.677     
1         0.4768              1.441     
1         0.02095             1.528     
1         0.8408              1.686     
1         0.009796            1.263     
1         0.1054              2.277     
1         0.9976              2.311     
1         0.9946              1.583     
1         0.9985              1.561     
1         0.006126            1.854     
1         0.9985              1.46      
1         0.116               2.057     
1         0.981               1.512     
1         0.1018              1.632     
1         0.998               1.463     
1         0.003731            -1        
1         0.01897             2.863     
1         7.647e-05           1.751     
1         0.9995              1.453     
1         0.04147             1.748     
1         0.01118             1.732     
1         0.6509              1.403     
1         0.0001473           1.494     
1         0.9995              1.438     
1         0.02188             1.528     
1         0.0197              1.562     
1         0.03513             1.57      
1         0.002054            2.18      
1         0.2306              1.911     
1         0.9048              2.111     
1         0.2401              0.4858    
1         0.9932              1.461     
1         0.3772              1.275     
1         0.3269              1.453     
1         0.168               1.495     
1         0.9941              1.432     
1         0.3914              1.615     
1         0.3821              1.42      
1         0.5454              1.651     
1         0.002396            -1        
1         0.01855             -1        
1         0.4326              1.509     
1         0.04648             1.575     
1         0.9985              2.014     
1         0.9976              2.379     
1         0.9688              1.167     
1         0.9985              1.3       
1         0.002411            -1        
1         0.003033            1.455     
1         0.01021             1.68      
1         0.01183             1.156     
1         0.4409              -1        
1         0.7495              1.367     
1         0.005939            1.582     
1         0.9995              1.787     
1         0.0003121           1.728     
1         0.8188              1.7       
1         0.9961              3.258     
1         0.915               1.343     
1         0.05295             1.527     
1         0.0003076           2.369     
1         0.9819              1.474     
1         0.1443              1.31      
1         0.999               1.645     
1         0.6118              2.355     
1         0.1547              1.513     
1         0.1125              1.744     
1         0.03394             1.634     
1         0.002539            -1        
1         0.02977             1.605     
1         0.00349             1.454     
1         0.026               1.589     
1         0.9512              2.324     
1         0.006298            2.291     
1         0.001499            1.658     
1         0.1268              1.445     
1         0.9985              2.74      
