index     maxhbbscore         N3B1      
1         7.504e-05           2.424     
1         0.0018              1.476     
1         0.02202             2.27      
1         0.007904            -1        
1         0.06458             1.515     
1         0.1187              -1        
1         0.0005026           -1        
1         0.0004616           1.994     
1         0.005718            -1        
1         0.00119             -1        
1         0.02182             1.899     
1         0.009102            1.425     
1         0.0001078           1.488     
1         0.01875             1.5       
1         0.3037              1.377     
1         0.006058            -1        
1         0.07556             1.947     
1         0.004311            1.467     
1         0.001632            -1        
1         0.002575            -1        
1         8.16e-05            2.963     
1         0.00486             -1        
1         0.003389            1.229     
1         0.03976             -1        
1         0.0001098           1.335     
1         0.0003378           -1        
1         0.0002565           2.1       
1         0.06125             2.023     
1         0.002964            1.762     
1         0.05801             1.884     
1         0.0003037           1.506     
1         0.05759             1.505     
1         0.0007944           1.745     
1         0.01457             -1        
1         0.0008984           -1        
1         0.008141            -1        
1         0.001246            1.611     
1         0.005737            2.035     
1         0.03081             -1        
1         0.0004969           2.336     
1         0.001978            -1        
1         0.00119             -1        
1         0.008675            1.872     
1         0.04132             -1        
1         0.01513             -1        
1         0.00441             -1        
1         0.002569            1.771     
1         0.0004127           2.43      
1         0.2064              1.701     
1         0.01325             1.542     
1         0.00185             -1        
1         0.00163             1.297     
1         0.05881             1.533     
1         0.002769            1.848     
1         0.0008845           -1        
1         0.001202            1.423     
1         0.03949             2.039     
1         0.003904            -1        
1         0.004002            -1        
1         0.001379            -1        
1         0.003181            -1        
1         0.001206            -1        
1         0.01482             -1        
1         0.002424            1.476     
1         5.054e-05           -1        
1         0.05301             -1        
1         0.02184             -1        
1         0.02559             1.885     
1         0.0001434           1.375     
1         0.0001816           -1        
1         0.002047            1.453     
1         0.004417            1.799     
1         0.0003695           1.532     
1         0.004002            -1        
1         0.04993             1.481     
1         0.07043             1.538     
1         0.003666            -1        
1         0.0005474           1.716     
1         0.002872            -1        
1         0.001475            1.83      
1         7.784e-05           2.266     
1         0.02299             -1        
1         0.142               2.49      
1         0.007076            1.646     
1         0.001148            -1        
1         0.009575            -1        
1         0.005608            -1        
1         0.002314            -1        
1         0.006824            1.538     
1         0.01019             -1        
1         0.5698              -1        
1         0.000214            1.431     
1         0.003246            -1        
1         0.002228            -1        
1         0.005001            -1        
1         0.04388             1.981     
1         0.1787              1.964     
1         0.4465              -1        
1         0.0005922           -1        
1         0.04181             -1        
1         0.01014             -1        
1         0.00139             1.75      
1         0.07178             1.545     
1         0.0001907           1.415     
1         0.0001659           -1        
1         0.0006633           -1        
1         0.008774            -1        
1         0.4158              1.8       
1         0.002722            1.36      
1         0.0008631           1.768     
1         0.0003614           -1        
1         0.0003686           1.694     
1         0.0005989           -1        
1         0.0006018           -1        
1         0.003136            -1        
1         0.03467             -1        
1         0.0007243           1.455     
1         0.003805            -1        
1         0.00206             1.683     
1         7.82e-05            1.405     
1         0.0003772           1.857     
1         0.000447            -1        
1         0.00618             -1        
1         0.01628             2.633     
1         0.0001901           1.43      
1         0.0004029           1.734     
1         0.8779              1.46      
1         0.0007663           -1        
1         0.06027             1.912     
1         0.0006771           -1        
1         0.05951             -1        
1         0.001596            -1        
1         0.4038              -1        
1         0.0005188           2.109     
1         0.0005097           -1        
1         0.002129            -1        
1         0.7964              -1        
1         0.0009031           -1        
1         0.01111             2.273     
1         0.0004032           2.123     
1         0.002131            2.662     
1         0.0006504           -1        
1         0.0002186           -1        
1         0.003418            -1        
1         0.1793              2.504     
1         0.001679            -1        
1         0.0005817           1.45      
1         0.001231            2.674     
1         0.009468            1.595     
1         0.002798            1.756     
1         0.008713            -1        
1         2.043e-05           2.172     
1         0.000617            -1        
1         0.001137            1.468     
1         0.001234            1.92      
1         0.000185            1.821     
1         0.04456             1.725     
1         0.008087            2.186     
1         0.000283            -1        
1         0.0001726           -1        
1         0.01011             1.355     
1         0.0008221           2.182     
1         0.0003471           1.509     
1         0.01749             2.906     
1         0.005268            -1        
1         0.05463             1.56      
1         0.001075            1.381     
1         0.001571            -1        
1         0.0006809           2.301     
1         0.4028              1.399     
1         0.00202             2.098     
1         0.0002468           1.413     
1         0.002039            1.387     
1         0.00263             -1        
1         0.000483            -1        
1         0.006924            -1        
1         0.6909              -1        
1         0.00223             -1        
1         0.004929            -1        
1         2.131e-05           1.79      
1         0.003262            2.045     
1         0.001778            -1        
1         0.001202            1.924     
1         0.0006843           -1        
1         0.0003893           1.703     
1         0.002035            -1        
1         0.008209            1.646     
1         0.08234             -1        
1         0.001431            1.452     
1         0.0007138           -1        
1         0.0009089           -1        
1         0.02228             -1        
1         0.005707            -1        
1         0.0001409           -1        
1         0.01567             1.527     
1         0.00227             1.866     
1         0.0002331           2.021     
1         0.0009527           -1        
1         0.007492            -1        
1         0.001047            -1        
1         0.3669              -1        
1         0.001387            2.146     
1         0.0115              1.479     
1         0.001987            -1        
1         0.00318             -1        
1         0.003206            -1        
1         0.002964            -1        
1         0.007008            -1        
1         0.002811            -1        
1         0.0009756           1.493     
1         0.01225             -1        
1         0.001447            2.07      
1         0.002911            -1        
1         0.002056            -1        
1         0.2595              1.634     
1         0.001186            1.555     
1         0.0006161           -1        
1         0.00248             -1        
1         0.000823            -1        
1         0.008461            2.588     
1         0.000248            1.41      
1         0.001455            -1        
1         0.0005498           -1        
1         0.001528            -1        
1         0.002705            1.577     
1         0.004284            -1        
1         0.004322            1.426     
1         0.002554            -1        
1         0.008682            -1        
1         0.0003145           1.852     
1         0.1129              -1        
1         0.003513            2.014     
1         0.04959             2.629     
1         0.0007682           -1        
1         0.001197            2.191     
1         0.001517            -1        
1         0.002628            -1        
1         0.002605            1.614     
1         0.0329              -1        
1         0.0003839           1.874     
1         0.002775            -1        
1         0.01628             -1        
1         0.000679            -1        
1         0.002035            -1        
1         0.06097             1.592     
1         0.0008106           1.861     
1         0.0004632           1.771     
1         0.00415             -1        
1         0.000711            1.514     
1         0.00182             -1        
1         0.004147            1.775     
1         0.0009937           1.736     
1         0.001397            -1        
1         0.006042            -1        
1         0.001943            -1        
1         0.02246             1.413     
1         0.8018              -1        
1         0.0107              1.415     
1         0.0006542           1.762     
1         0.001111            1.891     
1         0.002686            1.432     
1         0.001493            2.135     
1         0.0004849           1.437     
1         7.403e-05           3.037     
1         0.00246             -1        
1         0.0003655           1.549     
1         0.0009089           2.701     
1         0.0003512           2.156     
1         0.003511            -1        
1         0.9526              2.053     
1         0.001116            -1        
1         0.006828            -1        
1         0.0042              2.107     
1         0.003368            -1        
1         3.261e-06           1.546     
1         0.0003009           1.908     
1         0.04318             1.632     
1         0.0007873           1.394     
1         0.001611            -1        
1         0.0002675           -1        
1         0.0001385           1.425     
1         0.4819              1.453     
1         0.003986            -1        
1         0.000216            1.925     
1         0.0007877           1.511     
1         0.001761            -1        
1         0.0008774           1.537     
1         0.0005383           -1        
1         0.05722             1.611     
1         0.003023            1.697     
1         0.001654            -1        
1         0.07251             -1        
1         0.0004365           1.57      
1         0.0001085           1.688     
1         0.0009537           1.6       
1         0.7251              -1        
1         0.002975            -1        
1         0.001252            -1        
1         0.001074            1.44      
1         0.2715              -1        
1         0.001601            -1        
1         0.00705             1.737     
1         0.0004022           1.386     
1         0.001345            1.784     
1         0.003387            1.854     
1         1.979e-05           1.608     
1         0.00267             1.479     
1         0.006645            2.631     
1         0.0012              1.882     
1         0.01674             -1        
1         0.0007138           2.678     
1         0.01048             2.008     
1         0.0002484           -1        
1         0.008423            2.391     
1         0.325               -1        
1         0.01419             -1        
1         6.02e-05            2.268     
1         0.001595            1.493     
1         0.0003798           -1        
1         0.000247            1.624     
1         0.0004935           1.493     
1         0.001096            -1        
1         0.001913            -1        
1         0.006767            1.57      
1         0.00279             -1        
1         0.006027            1.979     
1         0.007214            1.592     
1         0.0002937           2.002     
1         0.001847            1.55      
1         0.0001774           1.338     
1         0.03793             -1        
1         0.213               -1        
1         0.003479            1.764     
1         0.005001            -1        
1         0.08728             1.594     
1         0.003384            -1        
1         0.03186             -1        
1         0.001287            1.736     
1         0.00129             -1        
1         0.0005126           1.488     
1         0.0002434           1.645     
1         0.00072             1.767     
1         0.00629             -1        
1         0.0003755           3.17      
1         0.01274             2.924     
1         0.008873            1.481     
1         0.002781            -1        
1         0.0005708           -1        
1         3.248e-05           1.493     
1         0.0004714           -1        
1         0.0005007           2.131     
1         0.004177            1.996     
1         0.004593            -1        
1         0.00151             -1        
1         0.0007229           1.436     
1         0.0004256           1.6       
1         6.872e-05           1.676     
1         3.576e-05           1.583     
1         0.002186            2.053     
1         0.004627            -1        
1         0.0002861           2.133     
1         0.0001785           2.021     
1         0.0002692           1.768     
1         0.001533            -1        
1         0.0004697           1.675     
1         8.619e-05           1.61      
1         0.09131             1.398     
1         2.01e-06            3.232     
1         0.001725            1.52      
1         0.0005827           2.166     
1         0.001047            1.663     
1         0.0004997           -1        
1         0.009689            1.928     
1         0.0002382           -1        
1         0.00163             -1        
1         0.0004606           1.641     
1         0.001766            -1        
1         0.0006781           -1        
1         0.001613            -1        
1         0.003056            -1        
1         5.075e-05           1.717     
1         0.02962             1.573     
1         0.0006967           -1        
1         0.0001637           2.49      
1         0.007195            -1        
1         0.005634            1.939     
1         0.4731              -1        
1         0.01645             1.582     
1         0.2827              -1        
1         0.000361            -1        
1         0.04468             1.377     
1         0.1753              2.051     
1         0.001749            -1        
1         0.03033             -1        
1         0.001444            -1        
1         0.0008178           -1        
1         0.0008235           -1        
1         0.004776            1.942     
1         0.000555            1.767     
1         0.001281            -1        
1         0.02617             1.539     
1         0.000628            -1        
1         0.0005312           2.021     
1         0.001423            -1        
1         0.0002844           -1        
1         0.0003476           -1        
1         0.008926            -1        
1         0.002579            1.373     
1         0.02922             -1        
1         0.003202            1.541     
1         0.06891             2.309     
1         0.0007219           1.603     
1         0.01059             -1        
1         0.0003426           1.744     
1         0.0003741           -1        
1         0.00721             -1        
1         0.0003746           -1        
1         0.0006433           1.527     
1         0.008202            -1        
1         0.007366            1.863     
1         0.09222             2.006     
1         0.0006208           2.242     
1         0.001186            -1        
1         0.003067            -1        
1         0.02377             1.409     
1         0.004532            1.835     
1         5.963e-05           1.493     
1         0.004272            2.936     
1         0.0007391           1.971     
1         0.0004907           1.799     
1         0.007282            -1        
1         0.005642            -1        
1         0.005047            -1        
1         0.0495              -1        
1         0.0007062           1.565     
1         0.0001653           -1        
1         0.003403            2.609     
1         0.04315             1.7       
1         0.0002828           2.172     
1         0.0004318           1.438     
1         0.002363            -1        
1         0.0007043           1.496     
1         0.01045             -1        
1         0.009674            -1        
1         0.007397            1.568     
1         0.007412            2.775     
1         0.0006571           -1        
1         0.00275             1.45      
1         0.2617              1.723     
1         0.0004554           1.428     
1         0.0006704           1.688     
1         0.001849            1.507     
1         0.003317            1.681     
1         0.5791              -1        
1         0.005104            -1        
1         0.001096            2.154     
1         0.0233              1.473     
1         0.0007682           -1        
1         0.002178            1.824     
1         0.001906            -1        
1         0.0009794           1.912     
1         0.003225            1.374     
1         0.1246              -1        
1         0.002243            -1        
1         0.02654             1.488     
1         0.0003617           2.193     
1         0.000325            2.352     
1         0.0009937           -1        
1         0.03839             -1        
1         0.002314            2.039     
1         0.04868             -1        
1         0.0354              -1        
1         0.004894            1.646     
1         0.0009584           1.857     
1         0.009674            1.666     
1         0.2407              -1        
1         0.0002806           1.539     
1         7.933e-05           2.279     
1         0.0006537           1.92      
1         0.00391             -1        
1         0.001024            1.601     
1         0.01186             -1        
1         0.004124            -1        
1         0.0004702           -1        
1         0.001453            1.843     
1         0.01836             -1        
1         0.003855            -1        
1         0.0007815           -1        
1         0.0005956           1.622     
1         0.0004575           -1        
1         0.039               -1        
1         0.0007601           2.109     
1         0.0255              -1        
1         0.003397            1.529     
1         0.01611             1.543     
1         0.00272             2.078     
1         0.01018             -1        
1         0.0499              -1        
1         0.004524            -1        
1         0.01781             -1        
1         0.8394              2.168     
1         0.00171             -1        
1         0.005333            1.4       
1         0.056               1.427     
1         0.001957            -1        
1         0.07758             -1        
1         0.1273              -1        
1         0.0008574           1.587     
1         0.006172            1.476     
1         0.0248              1.534     
1         4.552e-06           1.623     
1         0.00215             -1        
1         0.01878             -1        
1         0.02028             1.937     
1         0.002937            -1        
1         0.1865              1.528     
1         0.0002372           2.086     
1         0.0002878           1.243     
1         0.001569            -1        
1         0.0172              -1        
1         0.008698            1.913     
1         0.0007081           -1        
1         0.007759            -1        
1         0.05215             1.386     
1         0.06012             -1        
1         0.5771              -1        
1         0.003498            1.65      
1         0.01286             2.246     
1         0.002281            1.696     
1         0.00068             1.858     
1         0.02011             1.719     
1         0.0009975           1.715     
1         0.001374            -1        
1         0.004642            1.43      
1         0.1383              -1        
1         5.579e-05           1.554     
1         0.0003312           2.016     
1         0.000141            1.62      
1         0.001399            -1        
1         0.375               -1        
1         0.0009532           2.074     
1         0.0005789           2.283     
1         0.0008664           1.968     
1         0.00128             -1        
1         0.0006003           1.435     
1         0.001413            -1        
1         0.02513             2.129     
1         0.0376              1.445     
1         0.06061             1.504     
1         0.00972             1.475     
1         0.001205            1.533     
1         0.0008597           1.426     
1         0.009293            1.653     
1         0.0006795           -1        
1         0.000204            1.394     
1         0.1013              -1        
1         0.001311            -1        
1         0.0001015           2.498     
1         2.386e-05           1.442     
1         0.0007362           -1        
1         0.0009985           1.853     
1         0.0003536           1.719     
1         0.06107             1.476     
1         0.0179              1.605     
1         0.0001723           1.656     
1         0.004051            -1        
1         0.06531             -1        
1         0.003435            1.985     
1         0.05933             2.461     
1         0.00034             1.957     
1         0.0003753           -1        
1         0.1182              -1        
1         0.00404             1.569     
1         0.006142            2.055     
1         0.0007634           1.493     
1         0.001013            1.39      
1         0.00956             -1        
1         0.001953            -1        
1         0.009048            -1        
1         0.2581              1.76      
1         0.008965            2.566     
1         0.02017             1.552     
1         0.7578              -1        
1         0.001308            -1        
1         0.0001428           -1        
1         0.0006709           2.537     
1         0.0001704           1.835     
1         0.0001159           -1        
1         0.005653            1.685     
1         0.0002739           1.905     
1         0.0003421           1.552     
1         0.004803            -1        
1         0.01692             1.554     
1         0.006107            1.443     
1         0.001328            1.477     
1         0.0007071           2.055     
1         0.03372             1.992     
1         0.001215            1.141     
1         0.002321            1.482     
1         0.02957             -1        
1         0.0004973           -1        
1         0.02705             -1        
1         0.001753            -1        
1         0.00507             2.002     
1         0.0733              -1        
1         0.04715             1.659     
1         0.002768            1.536     
1         0.00489             -1        
1         0.008537            2.053     
1         0.001792            -1        
1         0.0002207           -1        
1         0.09723             1.313     
1         0.0006433           1.764     
1         0.008942            2.221     
1         0.7061              -1        
1         0.001806            1.538     
1         0.0004046           1.433     
1         0.1055              1.435     
1         0.003281            1.403     
1         0.00116             -1        
1         0.00116             1.466     
1         0.03775             -1        
1         0.04291             1.842     
1         0.006901            1.253     
1         0.0005717           -1        
1         0.03079             -1        
1         0.005939            1.529     
1         0.0001494           -1        
1         0.0008073           2.379     
1         0.004009            1.822     
1         0.00128             1.54      
1         0.001095            1.802     
1         0.08276             -1        
1         0.5264              2.23      
1         0.004028            -1        
1         0.005253            1.693     
1         0.4001              1.511     
1         0.0003688           1.585     
1         0.01999             -1        
1         0.006626            1.55      
1         0.0004742           -1        
1         0.06021             -1        
1         0.00113             1.889     
1         0.004944            -1        
1         0.004906            1.642     
1         0.02019             1.835     
1         0.002539            -1        
1         0.002001            1.412     
1         0.0002947           1.844     
1         0.005547            -1        
1         0.0001563           1.945     
1         0.01933             -1        
1         0.0003347           2.051     
1         0.0002859           -1        
1         0.004864            -1        
1         0.03116             1.46      
1         0.01122             1.788     
1         0.002504            -1        
1         0.002903            1.46      
1         0.06143             1.964     
1         0.002455            -1        
1         0.002201            1.413     
1         0.005833            -1        
1         0.001195            -1        
1         0.002493            -1        
1         0.0005393           1.439     
1         0.008118            1.636     
1         0.002398            1.485     
1         0.0004473           -1        
1         0.00102             1.419     
1         4.378e-05           2.889     
1         0.01086             -1        
1         0.0007315           1.478     
1         0.002619            1.537     
1         0.0009918           -1        
1         0.0004935           -1        
1         0.0006738           1.368     
1         0.0002456           1.454     
1         0.01275             -1        
1         0.001933            -1        
1         0.1562              -1        
1         0.0009069           2.004     
1         0.1903              -1        
1         0.01465             -1        
1         0.0001354           1.448     
1         0.002651            -1        
1         0.001385            -1        
1         0.02019             -1        
1         0.04645             -1        
1         0.01849             -1        
1         0.00104             -1        
1         0.000576            -1        
1         0.0003097           -1        
1         0.02254             -1        
1         0.0007863           -1        
1         0.01558             1.419     
1         0.001665            -1        
1         0.05197             -1        
1         0.0108              -1        
1         0.06058             -1        
1         0.0008774           -1        
1         0.003536            -1        
1         0.001606            -1        
1         0.002575            -1        
1         0.0009804           -1        
1         0.2281              1.395     
1         0.0002043           1.388     
1         0.002245            1.522     
1         0.007919            2.17      
1         0.0001798           1.418     
1         0.002422            1.803     
1         0.008949            -1        
1         0.06421             -1        
1         0.004353            1.521     
1         0.005619            -1        
1         0.001622            1.653     
1         0.001456            -1        
1         0.0007977           1.801     
1         0.01605             1.755     
1         0.04922             1.312     
1         0.009323            -1        
1         0.004097            2.752     
1         0.0007915           -1        
1         0.0006242           -1        
1         0.006336            2.299     
1         0.006405            3.092     
1         0.003635            -1        
1         0.02843             -1        
1         0.01671             -1        
1         0.0006194           -1        
1         0.02777             -1        
1         0.1538              1.693     
1         0.00371             -1        
1         0.001521            -1        
1         0.001636            -1        
1         0.005638            2.361     
1         0.4084              1.41      
1         0.0001286           1.649     
1         0.02264             -1        
1         0.03494             1.809     
1         0.003151            -1        
1         1.661e-05           3.061     
1         0.01427             -1        
1         0.0294              1.397     
1         0.003546            -1        
1         1.797e-05           1.701     
1         0.0007062           1.434     
1         8.321e-05           2.268     
1         0.001409            -1        
1         0.001241            2.045     
1         0.0009675           2.094     
1         0.01524             -1        
1         0.0002861           -1        
1         0.0002518           1.721     
1         0.007214            1.291     
1         0.002474            2.16      
1         0.0005579           1.308     
1         0.02385             -1        
1         0.001925            -1        
1         0.0005016           2.143     
1         0.001886            -1        
1         0.0023              -1        
1         0.002558            2.883     
1         0.0001085           1.358     
1         0.06494             2.355     
1         0.006359            -1        
1         0.07538             2.369     
1         0.001629            1.767     
1         0.0009608           -1        
1         0.0008526           -1        
1         0.001211            -1        
1         0.002089            -1        
1         0.3906              -1        
1         0.002062            1.407     
1         0.0007257           1.477     
1         0.07812             1.508     
1         0.009277            1.885     
1         0.00407             1.866     
1         0.0462              1.483     
1         0.008774            1.497     
1         0.001753            -1        
1         0.0005703           1.585     
1         0.002041            -1        
1         0.002069            -1        
1         0.0001038           -1        
1         0.00412             1.462     
1         0.001205            2.473     
1         0.003521            -1        
1         0.001564            -1        
1         0.0003746           -1        
1         0.0001993           1.616     
1         0.08228             -1        
1         0.0009742           -1        
1         0.003439            -1        
1         0.0003297           1.412     
1         0.001182            -1        
1         0.02084             1.761     
1         0.006287            -1        
1         0.0009303           1.496     
1         0.001769            1.702     
1         0.003347            -1        
1         0.9458              1.46      
1         0.000213            2.707     
1         0.001976            -1        
1         0.0002913           1.64      
1         0.003761            1.884     
1         0.004036            -1        
1         0.002613            1.642     
1         0.0001059           1.535     
1         0.0005751           1.621     
1         0.003983            2.312     
1         0.0006824           1.435     
1         0.004642            -1        
1         0.004906            -1        
1         0.007427            -1        
1         0.6191              -1        
1         0.00179             -1        
1         0.004833            1.597     
1         0.002186            -1        
1         0.00186             1.718     
1         0.01003             1.563     
1         0.04486             -1        
1         0.005268            1.367     
1         0.01038             -1        
1         0.01493             -1        
1         0.001622            -1        
1         0.002766            -1        
1         0.002298            -1        
1         0.001539            -1        
1         0.009171            1.615     
1         0.0007753           1.5       
1         0.001116            1.423     
1         0.004463            -1        
1         0.003508            1.739     
1         0.001532            1.644     
1         0.002718            -1        
1         0.001442            -1        
1         0.006302            -1        
1         0.00142             -1        
1         0.0002249           1.515     
1         0.01909             -1        
1         0.02502             1.526     
1         0.02879             1.643     
1         0.003956            -1        
1         0.002129            -1        
1         0.003653            -1        
1         0.1001              -1        
1         0.0305              -1        
1         0.001274            1.67      
1         0.004929            -1        
1         0.502               1.608     
1         0.002522            1.739     
1         0.0368              1.532     
1         0.00137             -1        
1         0.03717             -1        
1         0.002504            1.384     
1         0.004456            -1        
1         0.009499            1.609     
1         0.0002539           -1        
1         0.007195            -1        
1         0.001241            -1        
1         0.0009718           1.802     
1         0.001277            1.786     
1         0.0008354           -1        
1         0.05746             -1        
1         0.03702             1.626     
1         0.0004723           2.166     
1         0.006657            -1        
1         0.0004747           2.842     
1         0.0008368           -1        
1         0.0002937           1.392     
1         0.0007167           1.749     
1         0.0007915           -1        
1         0.001371            1.756     
1         0.1069              -1        
1         0.0001112           1.291     
1         0.0003827           -1        
1         0.001951            1.609     
1         0.005951            -1        
1         0.001065            -1        
1         0.01079             -1        
1         0.1669              2.086     
1         0.002283            1.532     
1         0.02664             -1        
1         0.006229            1.499     
1         0.0008812           1.582     
1         0.002214            1.738     
1         0.001557            -1        
1         0.005138            1.452     
1         0.002766            -1        
1         0.0002317           1.644     
1         0.07751             1.374     
1         0.002584            2.197     
1         0.006889            1.771     
1         0.0042              -1        
1         2.488e-05           3.102     
1         0.001907            1.525     
1         0.004055            -1        
1         1.096e-05           1.693     
1         0.007526            -1        
1         0.001388            -1        
1         0.003571            -1        
1         0.0799              1.646     
1         0.001304            -1        
1         0.001255            1.808     
1         0.02455             -1        
1         0.07312             -1        
1         0.0004449           2.395     
1         0.0003288           1.438     
1         0.003248            -1        
1         0.0006504           -1        
1         0.0009575           1.794     
1         0.0003467           -1        
1         0.0006423           -1        
1         0.09875             -1        
1         0.001519            -1        
1         0.005455            -1        
1         0.0001727           1.438     
1         5.618e-05           2.385     
1         0.2484              -1        
1         0.0008478           -1        
1         0.000668            1.726     
1         0.02864             -1        
1         0.1105              1.804     
1         0.0004687           -1        
1         0.0004699           1.441     
1         0.002226            -1        
1         0.01335             -1        
1         0.0001477           -1        
1         0.004539            -1        
1         0.002819            -1        
1         0.002575            1.678     
1         0.004215            1.691     
1         0.00618             -1        
1         0.02873             -1        
1         0.004639            -1        
1         0.01915             -1        
1         0.001859            -1        
1         8.762e-05           1.711     
1         0.8667              2.104     
1         0.3464              -1        
1         0.6191              1.722     
1         0.0002613           1.99      
1         0.001116            1.465     
1         0.001205            1.924     
1         0.003983            -1        
1         0.1283              1.293     
1         0.0003219           1.983     
1         0.007889            -1        
1         0.0004959           1.824     
1         0.01672             -1        
1         0.03333             -1        
1         0.001472            -1        
1         5.016e-05           2.168     
1         0.00386             1.495     
1         0.0002542           -1        
1         0.000214            1.583     
1         0.0004499           -1        
1         0.0008078           -1        
1         0.006065            1.513     
1         0.0005269           1.954     
1         0.001254            -1        
1         0.002609            -1        
1         7.623e-05           2.637     
1         0.01344             1.701     
1         0.002758            -1        
1         0.001228            -1        
1         0.0007544           1.617     
1         0.003359            1.802     
1         0.2175              -1        
1         0.1051              -1        
1         0.008896            1.554     
1         1.788e-05           2.025     
1         0.0001888           1.583     
1         0.006813            1.621     
1         0.001322            1.484     
1         0.01385             -1        
1         0.0006814           -1        
1         0.2939              1.468     
1         0.7993              1.54      
1         0.01389             -1        
1         0.08899             1.559     
1         0.01412             1.581     
1         0.00186             -1        
1         0.6636              1.598     
1         0.243               -1        
1         0.001663            -1        
1         0.0009685           -1        
1         0.001224            -1        
1         0.0004549           -1        
1         0.4695              1.566     
1         0.1821              1.478     
1         6.622e-05           -1        
1         0.001636            -1        
1         0.0005894           1.5       
1         0.02045             -1        
1         0.001518            3.141     
1         0.0009532           2.141     
1         0.0001694           1.924     
1         0.0003026           1.422     
1         0.0007029           -1        
1         0.00597             1.309     
1         0.00215             -1        
1         0.04282             1.272     
1         0.0004878           1.636     
1         0.0008149           -1        
1         0.005299            1.437     
1         0.0005093           -1        
1         0.0008478           -1        
1         0.0162              -1        
1         0.005318            1.704     
1         0.003283            1.599     
1         0.007015            1.479     
1         0.05353             1.35      
1         0.007198            1.505     
1         0.0007377           -1        
1         0.1343              2.086     
1         0.01579             -1        
1         0.001212            -1        
1         0.0001021           1.996     
1         0.000242            1.746     
1         0.002161            -1        
1         0.009315            -1        
1         0.00901             2.227     
1         0.002638            1.654     
1         0.0008264           -1        
1         0.1903              -1        
1         0.01027             2.002     
1         0.01015             1.974     
1         0.1112              -1        
1         0.004036            -1        
1         0.005215            -1        
1         0.0001382           1.383     
1         0.01605             -1        
1         0.1007              -1        
1         0.00518             -1        
1         0.0001214           2.488     
1         0.0009308           1.826     
1         0.001278            -1        
1         0.02446             -1        
1         0.09595             1.729     
1         0.01704             -1        
1         0.0005774           1.735     
1         0.004879            -1        
1         0.0009646           -1        
1         0.0007029           -1        
1         0.001898            1.71      
1         0.005623            -1        
1         0.0006614           -1        
1         0.001662            1.434     
1         0.01356             1.436     
1         0.004635            -1        
1         0.0008373           2.123     
1         0.003616            -1        
1         0.002029            -1        
1         0.001065            1.576     
1         0.3127              1.521     
1         0.02243             -1        
1         0.00539             2.412     
1         0.0005507           1.442     
1         0.01197             2.225     
1         0.1497              2.029     
1         0.008972            -1        
1         0.007076            -1        
1         0.0005598           -1        
1         0.001243            1.611     
1         0.0002596           -1        
1         0.006393            2.57      
1         0.02615             1.522     
1         0.001216            -1        
1         0.1829              1.561     
1         5.16e-06            1.922     
1         0.0006566           -1        
1         0.001446            2.07      
1         0.0037              1.526     
1         0.009605            -1        
1         0.02336             -1        
1         0.003971            -1        
1         0.01322             1.508     
1         0.0004525           1.402     
1         0.02071             -1        
1         0.0003099           3.18      
1         0.003527            -1        
1         0.0004578           -1        
1         0.193               -1        
1         0.04947             1.495     
1         0.4719              -1        
1         0.006317            -1        
1         0.01822             1.758     
1         0.0006161           -1        
1         0.00581             -1        
1         0.1876              1.688     
1         0.0006723           -1        
1         0.01924             -1        
1         0.01393             1.662     
1         0.0871              -1        
1         0.01163             1.524     
1         0.0003569           -1        
1         0.006706            -1        
1         0.00242             -1        
1         0.007957            -1        
1         0.001118            1.44      
1         0.182               -1        
1         0.8003              -1        
1         0.0002866           -1        
1         0.0007772           1.769     
1         0.0005655           -1        
1         0.0006666           2.355     
1         0.009117            1.433     
1         0.0001081           1.338     
1         0.001075            2.561     
1         0.004208            1.562     
1         0.001482            -1        
1         0.0004158           1.754     
1         0.04352             -1        
1         0.00956             -1        
1         0.4468              1.794     
1         0.0001811           -1        
1         0.04953             1.521     
1         0.000349            2.184     
1         0.001739            -1        
1         0.008057            -1        
1         0.0004973           -1        
